  -0.188 
   0.119 
  -0.288 
  -0.198 
  -0.120 
   0.196 
   0.264 
  -0.313 
  -0.085 
   0.374 
  -0.210 
   0.047 
   0.113 
  -0.144 
   0.380 
   0.012 
  -0.275 
   0.072 
   0.256 
   0.061 
   0.580 
  -0.340 
  -0.323 
   0.213 
  -0.349 
  -0.298 
  -0.324 
  -0.102 
  -0.130 
   0.058 
   0.551 
   0.017 
  -0.124 
  -0.070 
   0.083 
   0.189 
   0.366 
  -0.065 
   0.158 
  -0.125 
   0.028 
   0.293 
   0.016 
  -0.368 
   0.156 
  -0.045 
  -0.058 
  -0.363 
   0.206 
  -0.381 
  -0.152 
  -0.121 
   0.778 
  -0.089 
  -0.151 
  -0.288 
   0.361 
   0.226 
   0.251 
  -0.313 
   0.097 
  -0.045 
   0.243 
  -0.139 
  -0.207 
   0.005 
   0.162 
  -0.070 
   0.820 
  -0.059 
  -0.071 
   0.051 
   0.211 
   0.795 
   0.247 
  -0.132 
   0.571 
  -0.276 
   0.210 
   0.562 
   0.065 
   0.109 
   0.124 
  -0.124 
  -0.112 
  -0.269 
  -0.349 
   0.711 
   0.305 
  -0.152 
  -0.082 
   0.132 
  -0.077 
  -0.124 
  -0.366 
  -0.083 
   0.025 
  -0.207 
  -0.167 
  -0.112 
  -0.319 
   0.077 
   0.162 
  -0.161 
  -0.165 
  -0.159 
  -0.257 
  -0.346 
   0.355 
  -0.246 
   0.535 
  -0.163 
  -0.086 
  -0.094 
   0.397 
  -0.066 
  -0.164 
   0.312 
   0.110 
   0.011 
  -0.279 
  -0.044 
  -0.113 
   0.073 
  -0.142 
   0.167 
  -0.090 
  -0.079 
  -0.290 
   0.257 
   0.026 
   0.393 
  -0.018 
   0.308 
  -0.150 
  -0.134 
   0.203 
   0.166 
  -0.351 
  -0.283 
  -0.212 
   0.592 
   0.390 
  -0.305 
   0.589 
   0.511 
  -0.320 
   0.089 
  -0.119 
  -0.124 
  -0.106 
   0.219 
  -0.110 
   0.206 
  -0.108 
  -0.120 
   0.741 
   0.108 
   0.212 
   0.063 
   0.245 
   0.898 
  -0.198 
   0.269 
   0.110 
  -0.312 
   0.039 
   0.071 
   0.288 
   0.229 
   0.135 
  -0.013 
  -0.341 
   0.190 
   0.444 
  -0.038 
  -0.043 
  -0.218 
   0.256 
   0.300 
   0.830 
   0.318 
   0.528 
   0.299 
  -0.101 
   0.060 
   0.560 
  -0.118 
  -0.080 
   0.716 
   0.235 
  -0.281 
  -0.242 
  -0.287 
   0.120 
  -0.392 
  -0.069 
  -0.122 
  -0.091 
   0.754 
  -0.284 
  -0.344 
  -0.184 
  -0.397 
  -0.105 
   0.234 
   0.227 
  -0.198 
  -0.128 
   0.366 
   0.000 
  -0.041 
  -0.362 
  -0.309 
  -0.292 
   0.709 
   0.127 
  -0.156 
  -0.314 
   0.505 
   0.017 
   0.036 
  -0.195 
   0.149 
   0.027 
   0.053 
   0.031 
   0.192 
  -0.404 
   0.226 
   0.838 
   0.255 
  -0.101 
  -0.123 
  -0.079 
   0.066 
  -0.104 
   0.149 
   0.030 
   0.425 
   0.112 
  -0.097 
   0.211 
   0.248 
   0.100 
   0.279 
  -0.159 
  -0.318 
  -0.357 
  -0.353 
  -0.320 
  -0.171 
   0.797 
   0.285 
   0.124 
  -0.102 
  -0.100 
   0.244 
  -0.118 
  -0.182 
   0.227 
   0.109 
  -0.028 
   0.105 
   0.750 
   0.565 
   0.305 
   0.419 
  -0.084 
   0.413 
  -0.146 
   0.252 
   0.132 
   0.531 
   0.013 
  -0.007 
  -0.314 
   0.630 
   0.254 
  -0.056 
   0.154 
   0.363 
  -0.257 
  -0.066 
  -0.126 
   0.806 
   0.171 
   0.190 
  -0.142 
  -0.006 
  -0.094 
  -0.133 
   0.200 
   0.136 
   0.758 
  -0.128 
  -0.424 
   0.152 
  -0.297 
   0.201 
   0.276 
  -0.111 
  -0.008 
  -0.109 
  -0.069 
   0.039 
   0.178 
  -0.136 
   0.146 
   0.234 
   0.305 
   0.104 
  -0.003 
   0.208 
  -0.120 
  -0.070 
   0.105 
   0.162 
   0.198 
  -0.108 
  -0.162 
   0.107 
   0.012 
  -0.264 
   0.499 
   0.800 
   0.093 
  -0.096 
  -0.098 
   0.238 
  -0.093 
  -0.077 
  -0.009 
   0.267 
  -0.073 
  -0.280 
  -0.298 
   0.334 
   0.231 
  -0.431 
  -0.155 
  -0.258 
  -0.150 
  -0.282 
  -0.299 
   0.061 
  -0.341 
   0.328 
   0.496 
   0.165 
  -0.059 
  -0.253 
  -0.115 
   0.147 
  -0.046 
   0.524 
  -0.253 
  -0.281 
  -0.294 
   0.136 
  -0.075 
  -0.189 
  -0.288 
   0.880 
  -0.051 
  -0.224 
  -0.028 
   0.376 
  -0.222 
   0.253 
  -0.125 
  -0.348 
  -0.131 
  -0.291 
  -0.429 
   0.090 
   0.039 
  -0.161 
   0.413 
   0.210 
   0.006 
  -0.143 
  -0.311 
  -0.136 
   0.555 
  -0.236 
   0.075 
  -0.111 
   0.216 
  -0.274 
   0.092 
  -0.197 
   0.109 
  -0.022 
  -0.232 
  -0.105 
  -0.326 
   0.093 
   0.030 
  -0.088 
   0.238 
  -0.119 
   0.003 
  -0.073 
  -0.127 
   0.117 
  -0.281 
  -0.139 
  -0.085 
  -0.136 
   0.237 
   0.116 
  -0.325 
   0.388 
  -0.048 
  -0.279 
  -0.101 
  -0.287 
   0.052 
   0.200 
   0.081 
   0.308 
  -0.085 
   0.247 
  -0.026 
  -0.132 
  -0.092 
  -0.107 
   0.189 
   0.261 
  -0.072 
   0.171 
  -0.329 
   0.216 
  -0.114 
   0.068 
  -0.129 
   0.117 
   0.522 
  -0.297 
   0.189 
  -0.414 
  -0.135 
  -0.229 
   0.179 
  -0.058 
  -0.067 
  -0.081 
   0.290 
   0.108 
   0.336 
   0.224 
  -0.210 
  -0.291 
   0.152 
   0.044 
  -0.083 
  -0.032 
  -0.143 
   0.564 
  -0.454 
  -0.321 
  -0.214 
  -0.153 
   0.026 
  -0.070 
   0.257 
  -0.187 
  -0.129 
  -0.275 
  -0.102 
  -0.464 
  -0.312 
   0.251 
  -0.416 
   0.003 
  -0.191 
  -0.040 
  -0.094 
  -0.176 
   0.256 
   0.384 
   0.114 
   0.105 
  -0.215 
   0.559 
  -0.447 
   0.363 
  -0.305 
  -0.075 
  -0.350 
   0.208 
   0.499 
   0.053 
   0.831 
   0.150 
   0.019 
  -0.382 
  -0.363 
   0.093 
  -0.155 
  -0.256 
  -0.349 
  -0.158 
  -0.273 
  -0.351 
  -0.096 
   0.528 
  -0.281 
  -0.287 
  -0.129 
  -0.053 
   0.003 
  -0.336 
   0.574 
  -0.058 
   0.178 
   0.255 
  -0.012 
   0.348 
  -0.076 
   0.662 
  -0.346 
   0.406 
   0.201 
   0.106 
   0.053 
   0.287 
   0.012 
  -0.138 
  -0.066 
  -0.125 
  -0.398 
   0.238 
  -0.327 
  -0.217 
   0.603 
  -0.106 
   0.225 
  -0.196 
   0.087 
   0.590 
   0.328 
  -0.022 
  -0.016 
  -0.345 
  -0.296 
  -0.322 
   0.184 
  -0.073 
   0.065 
   0.525 
  -0.102 
  -0.027 
  -0.158 
  -0.153 
  -0.173 
   0.005 
  -0.224 
  -0.031 
   0.247 
   0.760 
   0.226 
  -0.002 
  -0.233 
  -0.093 
   0.095 
  -0.115 
  -0.052 
  -0.081 
   0.252 
  -0.101 
  -0.294 
  -0.066 
   0.569 
   0.191 
  -0.071 
   0.012 
   0.049 
   0.075 
  -0.125 
  -0.343 
  -0.335 
   0.131 
  -0.306 
  -0.102 
  -0.299 
  -0.137 
  -0.280 
  -0.294 
  -0.125 
  -0.315 
  -0.120 
  -0.147 
   0.077 
   0.033 
  -0.080 
  -0.272 
   0.147 
   0.221 
   0.155 
  -0.399 
  -0.294 
  -0.319 
   0.204 
  -0.106 
   0.398 
   0.050 
  -0.246 
  -0.181 
   0.109 
   0.439 
   0.265 
   0.301 
   0.176 
  -0.060 
  -0.057 
   0.370 
  -0.040 
  -0.063 
   0.248 
   0.161 
   0.119 
   0.127 
  -0.250 
   0.194 
  -0.115 
  -0.113 
   0.255 
   0.250 
  -0.126 
   0.010 
  -0.064 
  -0.137 
   0.123 
   0.222 
   0.099 
  -0.056 
   0.306 
   0.381 
   0.216 
   0.078 
  -0.006 
  -0.031 
   0.112 
  -0.025 
  -0.029 
   0.360 
   0.711 
   0.030 
   0.089 
  -0.021 
  -0.038 
   0.156 
   0.072 
  -0.107 
   0.053 
   0.315 
  -0.064 
  -0.089 
  -0.134 
  -0.230 
   0.027 
   0.197 
  -0.097 
  -0.163 
  -0.253 
   0.114 
   0.096 
   0.117 
   0.547 
  -0.098 
  -0.322 
   0.414 
  -0.135 
   0.210 
   0.035 
   0.034 
  -0.121 
  -0.178 
  -0.166 
  -0.105 
   0.091 
   0.834 
  -0.183 
  -0.038 
  -0.294 
   0.327 
   0.091 
  -0.441 
   0.337 
  -0.006 
   0.263 
   0.269 
  -0.092 
  -0.319 
   0.377 
   0.051 
   0.082 
  -0.012 
  -0.271 
  -0.133 
   0.416 
   0.364 
   0.300 
   0.147 
  -0.051 
  -0.406 
  -0.134 
  -0.307 
  -0.334 
  -0.260 
   0.154 
  -0.096 
  -0.304 
  -0.302 
  -0.374 
  -0.079 
   0.111 
   0.188 
  -0.296 
   0.074 
  -0.009 
  -0.117 
   0.344 
   0.260 
  -0.129 
  -0.067 
  -0.129 
  -0.242 
   0.736 
   0.236 
  -0.114 
  -0.112 
   0.040 
  -0.208 
   0.068 
  -0.119 
   0.012 
   0.530 
   0.322 
  -0.195 
  -0.335 
   0.434 
  -0.072 
  -0.244 
   0.394 
   0.365 
  -0.146 
   0.236 
  -0.253 
   0.035 
  -0.020 
   0.184 
  -0.126 
  -0.017 
   0.107 
  -0.181 
   0.144 
   0.760 
  -0.036 
  -0.098 
   0.226 
  -0.170 
  -0.252 
  -0.392 
  -0.181 
  -0.455 
   0.290 
  -0.075 
  -0.362 
  -0.277 
   0.208 
   0.125 
  -0.374 
  -0.145 
   0.581 
   0.506 
   0.057 
  -0.187 
  -0.008 
  -0.084 
   0.359 
   0.022 
  -0.323 
   0.294 
   0.043 
   0.588 
  -0.307 
   0.270 
  -0.112 
   0.287 
  -0.110 
  -0.108 
  -0.307 
   0.199 
  -0.314 
   0.035 
  -0.450 
  -0.410 
   0.212 
   0.712 
  -0.418 
   0.185 
  -0.086 
  -0.276 
  -0.243 
  -0.144 
   0.858 
   0.201 
  -0.016 
  -0.353 
  -0.239 
  -0.035 
   0.208 
  -0.088 
   0.013 
  -0.220 
   0.595 
   0.320 
  -0.074 
  -0.041 
   0.220 
  -0.070 
  -0.117 
   0.403 
  -0.017 
   0.043 
  -0.302 
  -0.097 
  -0.086 
   0.250 
   0.371 
  -0.360 
  -0.095 
  -0.146 
   0.286 
  -0.350 
   0.371 
   0.239 
  -0.108 
   0.097 
   0.495 
  -0.288 
  -0.342 
   0.187 
   0.551 
  -0.022 
   0.607 
  -0.050 
   0.308 
   0.209 
  -0.100 
  -0.060 
   0.119 
  -0.104 
  -0.069 
  -0.000 
  -0.106 
   0.173 
   0.342 
  -0.028 
  -0.360 
   0.090 
  -0.099 
   0.096 
   0.283 
   0.100 
  -0.104 
  -0.284 
   0.596 
  -0.192 
   0.075 
   0.311 
   0.470 
   0.561 
   0.324 
  -0.336 
  -0.351 
   0.345 
   0.745 
  -0.148 
  -0.318 
  -0.312 
   0.130 
  -0.394 
  -0.097 
  -0.186 
  -0.316 
  -0.304 
  -0.196 
   0.157 
  -0.260 
   0.260 
  -0.349 
   0.204 
  -0.182 
  -0.100 
  -0.146 
  -0.187 
  -0.230 
  -0.032 
  -0.271 
   0.860 
   0.218 
   0.023 
   0.028 
  -0.329 
   0.217 
  -0.033 
  -0.053 
   0.167 
  -0.314 
  -0.136 
  -0.217 
  -0.321 
   0.115 
   0.202 
  -0.243 
   0.061 
   0.363 
   0.125 
   0.757 
   0.289 
  -0.087 
   0.160 
   0.108 
  -0.087 
   0.168 
  -0.026 
   0.090 
  -0.283 
   0.140 
   0.247 
   0.540 
   0.034 
  -0.184 
   0.257 
   0.044 
   0.181 
  -0.302 
  -0.269 
   0.872 
   0.186 
  -0.161 
  -0.013 
  -0.121 
   0.554 
  -0.129 
   0.560 
  -0.012 
  -0.128 
  -0.189 
   0.598 
   0.211 
   0.047 
  -0.233 
  -0.167 
   0.313 
   0.091 
  -0.076 
  -0.029 
   0.021 
   0.249 
  -0.263 
   0.526 
   0.055 
   0.148 
  -0.158 
  -0.085 
  -0.163 
  -0.191 
  -0.322 
  -0.098 
   0.275 
  -0.143 
   0.295 
   0.837 
  -0.096 
   0.237 
   0.208 
  -0.157 
   0.205 
  -0.121 
   0.118 
  -0.234 
  -0.086 
   0.296 
  -0.302 
  -0.242 
   0.340 
   0.224 
  -0.252 
   0.141 
  -0.368 
   0.238 
  -0.246 
  -0.230 
  -0.140 
   0.073 
  -0.256 
  -0.005 
  -0.213 
   0.597 
   0.282 
   0.065 
   0.372 
  -0.057 
  -0.256 
  -0.300 
  -0.322 
   0.156 
  -0.333 
   0.344 
  -0.006 
  -0.324 
  -0.372 
  -0.018 
   0.558 
  -0.317 
   0.288 
  -0.208 
  -0.176 
   0.622 
   0.195 
  -0.216 
  -0.037 
  -0.088 
  -0.054 
  -0.225 
   0.750 
  -0.168 
   0.081 
  -0.271 
   0.730 
   0.204 
   0.380 
   0.079 
   0.340 
  -0.066 
  -0.205 
   0.231 
   0.050 
   0.098 
  -0.413 
  -0.333 
   0.119 
   0.229 
   0.039 
  -0.161 
  -0.382 
   0.066 
   0.126 
  -0.245 
   0.343 
   0.368 
   0.002 
   0.065 
  -0.239 
   0.718 
  -0.058 
  -0.151 
  -0.145 
   0.182 
   0.115 
   0.579 
   0.840 
   0.068 
  -0.139 
  -0.005 
  -0.091 
   0.057 
  -0.121 
  -0.090 
  -0.050 
  -0.135 
  -0.168 
   0.181 
   0.103 
   0.019 
  -0.281 
   0.322 
  -0.015 
  -0.327 
   0.117 
  -0.133 
  -0.293 
  -0.076 
   0.215 
   0.562 
   0.211 
   0.561 
   0.271 
  -0.248 
   0.016 
   0.279 
  -0.343 
   0.163 
   0.373 
  -0.100 
  -0.409 
  -0.469 
   0.329 
  -0.031 
   0.289 
   0.067 
   0.119 
   0.352 
  -0.250 
   0.209 
   0.264 
  -0.324 
  -0.293 
   0.016 
  -0.141 
  -0.147 
   0.314 
  -0.167 
  -0.255 
   0.179 
   0.073 
  -0.258 
   0.185 
  -0.304 
   0.385 
   0.349 
   0.077 
  -0.319 
  -0.177 
  -0.313 
  -0.301 
  -0.361 
   0.175 
  -0.075 
  -0.012 
   0.097 
  -0.001 
  -0.106 
  -0.346 
  -0.317 
  -0.296 
   0.485 
  -0.296 
  -0.127 
  -0.016 
  -0.043 
   0.104 
   0.547 
  -0.020 
  -0.072 
   0.024 
  -0.349 
  -0.193 
  -0.420 
  -0.095 
  -0.168 
   0.067 
   0.141 
  -0.309 
  -0.111 
  -0.084 
   0.013 
  -0.239 
   0.278 
  -0.061 
  -0.082 
   0.381 
   0.846 
   0.293 
   0.115 
  -0.147 
  -0.314 
   0.024 
  -0.329 
   0.230 
   0.087 
  -0.149 
  -0.151 
   0.110 
   0.619 
  -0.028 
   0.147 
   0.210 
  -0.086 
   0.145 
   0.354 
   0.546 
  -0.238 
  -0.075 
  -0.242 
   0.280 
   0.141 
   0.354 
  -0.130 
   0.879 
  -0.091 
  -0.301 
   0.183 
  -0.155 
   0.544 
   0.084 
   0.083 
  -0.064 
   0.283 
  -0.139 
   0.535 
   0.253 
  -0.359 
  -0.312 
   0.264 
  -0.233 
   0.404 
  -0.069 
   0.199 
  -0.330 
   0.034 
  -0.142 
  -0.002 
  -0.186 
  -0.245 
   0.251 
  -0.326 
  -0.106 
   0.004 
  -0.080 
  -0.261 
   0.109 
   0.128 
   0.345 
   0.009 
  -0.171 
  -0.101 
   0.412 
   0.019 
  -0.458 
   0.138 
  -0.177 
  -0.356 
  -0.198 
   0.790 
  -0.148 
  -0.188 
  -0.292 
  -0.251 
   0.122 
   0.141 
   0.307 
   0.565 
  -0.060 
   0.084 
   0.187 
  -0.393 
   0.194 
  -0.360 
  -0.270 
   0.250 
   0.254 
   0.067 
   0.103 
  -0.127 
   0.113 
   0.091 
  -0.020 
   0.535 
  -0.263 
   0.027 
  -0.113 
  -0.202 
  -0.360 
  -0.323 
   0.119 
  -0.105 
   0.007 
  -0.126 
  -0.291 
  -0.125 
  -0.387 
  -0.324 
  -0.056 
   0.012 
  -0.075 
   0.279 
  -0.252 
  -0.135 
  -0.213 
  -0.115 
   0.779 
   0.388 
  -0.339 
  -0.149 
  -0.100 
  -0.456 
  -0.245 
  -0.271 
  -0.120 
  -0.012 
  -0.015 
  -0.255 
  -0.338 
   0.383 
  -0.259 
   0.303 
  -0.182 
  -0.070 
   0.201 
  -0.013 
  -0.283 
   0.218 
  -0.114 
  -0.252 
  -0.085 
   0.164 
  -0.328 
  -0.351 
   0.129 
  -0.176 
   0.201 
  -0.287 
  -0.067 
  -0.256 
   0.230 
   0.051 
   0.132 
  -0.012 
   0.153 
  -0.266 
  -0.313 
   0.325 
   0.112 
  -0.040 
  -0.153 
   0.219 
  -0.099 
   0.770 
   0.079 
   0.302 
   0.514 
  -0.285 
  -0.060 
   0.033 
  -0.028 
   0.586 
   0.083 
  -0.250 
  -0.030 
   0.020 
  -0.276 
   0.070 
   0.425 
  -0.084 
   0.088 
  -0.340 
   0.064 
  -0.052 
   0.129 
  -0.084 
   0.138 
   0.221 
   0.249 
   0.095 
  -0.127 
  -0.109 
   0.331 
  -0.209 
   0.256 
   0.307 
  -0.254 
  -0.111 
  -0.093 
   0.086 
   0.539 
   0.007 
  -0.405 
  -0.112 
   0.105 
   0.109 
   0.331 
  -0.232 
   0.549 
  -0.066 
  -0.056 
  -0.109 
   0.138 
  -0.146 
   0.213 
  -0.131 
  -0.203 
   0.028 
  -0.158 
  -0.344 
  -0.202 
   0.621 
   0.041 
   0.251 
  -0.149 
  -0.112 
  -0.200 
  -0.202 
  -0.339 
   0.259 
  -0.204 
  -0.158 
   0.162 
   0.363 
  -0.066 
   0.064 
  -0.198 
  -0.464 
  -0.299 
  -0.105 
   0.015 
   0.142 
   0.570 
  -0.288 
  -0.366 
   0.028 
   0.093 
   0.221 
  -0.164 
   0.125 
  -0.189 
   0.152 
   0.074 
  -0.134 
   0.229 
  -0.355 
  -0.121 
   0.251 
   0.108 
  -0.126 
  -0.162 
   0.124 
  -0.298 
  -0.142 
   0.026 
  -0.167 
   0.223 
   0.220 
  -0.053 
   0.185 
   0.283 
   0.435 
   0.603 
  -0.103 
  -0.091 
  -0.272 
  -0.069 
   0.159 
  -0.156 
  -0.382 
  -0.261 
   0.410 
   0.247 
  -0.333 
  -0.179 
   0.080 
  -0.330 
  -0.227 
   0.117 
  -0.141 
  -0.055 
  -0.141 
  -0.113 
  -0.338 
   0.268 
  -0.096 
   0.589 
   0.312 
  -0.289 
   0.626 
   0.117 
   0.191 
   0.149 
  -0.115 
   0.707 
   0.227 
  -0.129 
  -0.236 
  -0.279 
   0.269 
  -0.305 
  -0.448 
  -0.277 
  -0.028 
  -0.174 
  -0.358 
   0.132 
  -0.085 
   0.371 
  -0.272 
   0.276 
   0.087 
   0.185 
   0.399 
   0.539 
   0.087 
   0.232 
   0.146 
  -0.050 
   0.219 
  -0.144 
   0.774 
   0.338 
   0.266 
   0.213 
   0.025 
  -0.056 
  -0.345 
  -0.121 
  -0.339 
   0.274 
   0.536 
  -0.141 
   0.570 
  -0.253 
  -0.277 
  -0.100 
   0.013 
   0.230 
  -0.297 
   0.588 
  -0.071 
   0.088 
  -0.108 
   0.015 
  -0.330 
   0.309 
   0.299 
   0.834 
   0.011 
   0.129 
   0.186 
   0.191 
   0.113 
   0.127 
   0.035 
   0.240 
   0.807 
  -0.036 
   0.020 
  -0.162 
  -0.054 
  -0.456 
  -0.282 
   0.597 
  -0.169 
   0.513 
  -0.157 
  -0.105 
  -0.279 
  -0.027 
   0.106 
  -0.412 
  -0.142 
  -0.052 
   0.217 
  -0.132 
  -0.239 
   0.192 
   0.004 
   0.130 
   0.391 
   0.137 
   0.198 
  -0.090 
  -0.048 
   0.812 
  -0.126 
   0.322 
  -0.073 
   0.138 
   0.398 
   0.111 
   0.239 
  -0.272 
  -0.378 
   0.031 
   0.024 
  -0.404 
   0.088 
   0.542 
  -0.002 
   0.069 
   0.035 
  -0.058 
  -0.371 
  -0.274 
   0.238 
  -0.059 
   0.299 
   0.299 
  -0.288 
  -0.106 
  -0.333 
   0.038 
  -0.318 
   0.142 
  -0.074 
   0.353 
  -0.253 
  -0.016 
   0.313 
  -0.220 
  -0.113 
  -0.106 
  -0.322 
  -0.374 
   0.897 
  -0.124 
  -0.179 
  -0.216 
  -0.333 
  -0.178 
   0.109 
   0.028 
  -0.251 
  -0.003 
   0.288 
   0.274 
  -0.440 
  -0.098 
  -0.096 
  -0.115 
   0.238 
   0.173 
   0.132 
  -0.033 
  -0.140 
  -0.135 
   0.550 
  -0.097 
   0.072 
  -0.320 
   0.348 
  -0.078 
  -0.297 
  -0.190 
   0.041 
  -0.060 
   0.392 
  -0.069 
   0.376 
   0.176 
   0.291 
   0.216 
   0.215 
   0.236 
   0.605 
  -0.093 
  -0.297 
  -0.115 
  -0.057 
  -0.404 
   0.153 
   0.795 
  -0.369 
   0.053 
  -0.072 
   0.836 
   0.255 
  -0.038 
  -0.055 
  -0.107 
  -0.333 
   0.394 
  -0.106 
   0.267 
   0.204 
   0.137 
   0.004 
  -0.405 
  -0.349 
  -0.317 
  -0.044 
  -0.139 
   0.571 
   0.180 
  -0.024 
   0.132 
   0.015 
   0.246 
  -0.217 
   0.316 
  -0.331 
  -0.010 
  -0.113 
  -0.328 
   0.405 
  -0.093 
   0.101 
   0.038 
  -0.298 
   0.126 
   0.833 
   0.172 
   0.146 
  -0.104 
  -0.074 
   0.806 
  -0.143 
   0.110 
  -0.028 
  -0.344 
   0.043 
  -0.094 
   0.031 
   0.091 
  -0.282 
  -0.038 
  -0.159 
  -0.127 
  -0.343 
  -0.061 
  -0.059 
   0.029 
  -0.286 
   0.729 
   0.066 
  -0.238 
  -0.285 
   0.095 
   0.174 
   0.424 
  -0.061 
  -0.252 
   0.585 
   0.040 
  -0.288 
   0.093 
   0.080 
   0.240 
  -0.090 
  -0.344 
   0.229 
   0.041 
   0.595 
   0.262 
  -0.201 
  -0.130 
  -0.043 
  -0.429 
  -0.082 
  -0.093 
  -0.008 
  -0.360 
  -0.178 
   0.167 
  -0.309 
   0.668 
  -0.026 
   0.293 
  -0.397 
  -0.317 
  -0.426 
   0.551 
  -0.337 
  -0.003 
  -0.325 
   0.145 
  -0.289 
  -0.128 
   0.284 
  -0.317 
   0.201 
  -0.070 
  -0.261 
  -0.247 
  -0.254 
  -0.066 
   0.036 
   0.129 
   0.266 
   0.190 
  -0.272 
   0.087 
  -0.052 
  -0.175 
   0.186 
  -0.321 
   0.061 
   0.598 
  -0.095 
  -0.194 
  -0.472 
   0.389 
  -0.032 
  -0.325 
  -0.321 
  -0.162 
  -0.078 
   0.206 
  -0.162 
  -0.147 
   0.103 
   0.343 
  -0.295 
   0.048 
   0.179 
  -0.276 
  -0.399 
  -0.177 
  -0.143 
  -0.179 
   0.049 
   0.210 
  -0.031 
  -0.138 
  -0.080 
   0.098 
  -0.399 
  -0.104 
   0.234 
  -0.300 
  -0.202 
   0.118 
   0.009 
  -0.426 
   0.014 
  -0.173 
  -0.131 
   0.260 
   0.091 
  -0.169 
  -0.353 
   0.144 
   0.216 
  -0.066 
   0.037 
   0.674 
  -0.056 
   0.315 
  -0.116 
  -0.335 
  -0.295 
   0.541 
   0.052 
  -0.311 
  -0.391 
   0.097 
  -0.143 
   0.153 
   0.513 
   0.027 
   0.221 
   0.290 
   0.310 
   0.240 
  -0.107 
  -0.200 
  -0.373 
   0.334 
   0.007 
  -0.242 
   0.086 
  -0.344 
   0.319 
  -0.085 
  -0.295 
  -0.156 
  -0.044 
   0.124 
   0.219 
  -0.149 
   0.182 
   0.410 
  -0.096 
   0.071 
  -0.064 
   0.165 
   0.560 
  -0.333 
   0.075 
   0.289 
  -0.083 
   0.099 
  -0.174 
   0.041 
   0.333 
  -0.387 
  -0.049 
   0.278 
   0.001 
  -0.080 
  -0.371 
  -0.092 
  -0.055 
   0.235 
   0.027 
   0.219 
  -0.388 
  -0.379 
  -0.168 
   0.349 
   0.216 
   0.018 
  -0.398 
  -0.191 
  -0.132 
  -0.138 
  -0.169 
  -0.154 
  -0.116 
   0.332 
  -0.059 
   0.639 
  -0.036 
   0.043 
   0.097 
  -0.101 
   0.268 
   0.171 
   0.042 
  -0.037 
   0.168 
  -0.133 
  -0.155 
   0.206 
  -0.154 
  -0.181 
   0.022 
   0.166 
  -0.309 
  -0.036 
   0.170 
  -0.095 
  -0.250 
   0.169 
   0.136 
  -0.154 
   0.531 
   0.769 
  -0.140 
   0.047 
   0.267 
  -0.148 
   0.124 
   0.560 
   0.767 
  -0.434 
  -0.038 
   0.554 
  -0.073 
   0.097 
  -0.366 
   0.223 
  -0.077 
   0.557 
  -0.119 
   0.355 
  -0.274 
   0.065 
  -0.332 
  -0.139 
  -0.049 
   0.076 
  -0.079 
  -0.152 
   0.214 
  -0.253 
  -0.386 
  -0.163 
   0.349 
  -0.317 
  -0.255 
   0.311 
   0.001 
  -0.108 
  -0.035 
   0.287 
  -0.281 
  -0.161 
  -0.210 
   0.297 
  -0.099 
   0.552 
   0.113 
   0.153 
   0.732 
  -0.269 
  -0.028 
   0.110 
  -0.141 
  -0.113 
  -0.028 
  -0.215 
   0.572 
   0.604 
   0.042 
   0.293 
   0.298 
   0.299 
   0.123 
   0.028 
   0.202 
  -0.163 
  -0.323 
  -0.108 
  -0.200 
   0.569 
  -0.287 
  -0.325 
   0.071 
  -0.128 
   0.177 
   0.214 
  -0.090 
  -0.241 
  -0.160 
   0.563 
  -0.325 
   0.174 
  -0.408 
   0.768 
   0.005 
   0.060 
   0.074 
   0.316 
  -0.371 
   0.375 
  -0.170 
   0.829 
   0.246 
   0.262 
  -0.081 
  -0.105 
  -0.037 
  -0.145 
   0.132 
   0.309 
   0.662 
   0.187 
   0.042 
  -0.006 
   0.819 
   0.257 
  -0.173 
  -0.090 
   0.201 
   0.207 
   0.247 
  -0.367 
  -0.382 
  -0.059 
   0.577 
  -0.134 
  -0.056 
   0.231 
  -0.025 
  -0.063 
  -0.087 
   0.297 
  -0.144 
   0.094 
   0.377 
  -0.236 
  -0.202 
   0.780 
   0.572 
  -0.389 
  -0.088 
  -0.406 
   0.109 
   0.143 
   0.063 
  -0.056 
   0.562 
  -0.084 
   0.047 
   0.274 
  -0.437 
  -0.232 
   0.581 
   0.409 
  -0.156 
   0.271 
  -0.284 
  -0.215 
  -0.432 
  -0.369 
  -0.146 
   0.056 
  -0.150 
   0.012 
  -0.147 
   0.151 
   0.267 
   0.488 
  -0.166 
  -0.158 
   0.151 
  -0.259 
  -0.119 
  -0.257 
   0.197 
   0.380 
   0.283 
   0.554 
   0.330 
   0.823 
  -0.126 
   0.222 
   0.330 
  -0.101 
  -0.321 
  -0.180 
  -0.219 
  -0.218 
  -0.133 
  -0.212 
  -0.450 
  -0.061 
   0.003 
   0.296 
   0.886 
  -0.113 
   0.140 
   0.264 
   0.256 
   0.406 
  -0.022 
   0.274 
  -0.336 
  -0.328 
  -0.402 
  -0.162 
  -0.123 
  -0.437 
   0.361 
  -0.335 
  -0.071 
  -0.059 
   0.053 
  -0.070 
  -0.348 
   0.274 
  -0.074 
  -0.182 
   0.560 
   0.181 
   0.388 
   0.160 
  -0.092 
  -0.371 
   0.295 
  -0.085 
  -0.154 
  -0.128 
   0.253 
   0.252 
   0.065 
   0.538 
  -0.117 
   0.395 
  -0.083 
   0.030 
   0.275 
  -0.245 
   0.126 
  -0.283 
   0.323 
  -0.046 
  -0.165 
  -0.170 
   0.129 
  -0.237 
  -0.329 
   0.088 
   0.234 
  -0.331 
   0.576 
  -0.135 
   0.004 
   0.288 
   0.345 
  -0.341 
   0.092 
  -0.096 
   0.113 
   0.066 
   0.546 
   0.002 
  -0.087 
  -0.108 
   0.180 
   0.105 
  -0.141 
   0.159 
   0.079 
   0.317 
  -0.318 
   0.253 
  -0.325 
   0.147 
   0.839 
   0.231 
   0.277 
   0.386 
  -0.248 
   0.008 
   0.568 
   0.166 
   0.254 
   0.262 
  -0.079 
  -0.077 
   0.026 
  -0.475 
  -0.100 
  -0.230 
   0.580 
  -0.268 
  -0.141 
   0.173 
  -0.396 
   0.059 
  -0.112 
   0.403 
   0.039 
  -0.281 
   0.158 
   0.243 
   0.207 
   0.000 
   0.058 
   0.045 
   0.651 
   0.309 
  -0.090 
   0.547 
  -0.258 
   0.252 
   0.273 
  -0.178 
   0.140 
  -0.330 
  -0.173 
  -0.162 
   0.193 
  -0.095 
   0.063 
   0.059 
   0.050 
   0.779 
  -0.094 
   0.227 
  -0.245 
  -0.372 
   0.103 
  -0.042 
   0.116 
  -0.254 
   0.126 
   0.133 
   0.000 
   0.027 
   0.222 
  -0.353 
   0.855 
  -0.061 
   0.551 
  -0.034 
   0.091 
   0.221 
  -0.265 
   0.428 
   0.023 
  -0.314 
   0.022 
   0.110 
   0.057 
   0.012 
  -0.261 
   0.223 
  -0.112 
  -0.109 
   0.181 
  -0.153 
   0.100 
   0.207 
  -0.190 
   0.167 
  -0.348 
  -0.393 
   0.232 
   0.336 
   0.495 
  -0.043 
   0.867 
   0.210 
  -0.122 
   0.089 
   0.212 
  -0.221 
   0.226 
  -0.039 
  -0.108 
   0.054 
  -0.003 
   0.228 
   0.143 
   0.167 
  -0.256 
   0.274 
   0.078 
  -0.130 
   0.182 
   0.853 
  -0.413 
   0.032 
  -0.227 
   0.310 
   0.330 
  -0.188 
  -0.134 
   0.038 
  -0.165 
   0.089 
  -0.364 
  -0.090 
  -0.028 
  -0.158 
  -0.051 
  -0.192 
   0.115 
  -0.177 
   0.202 
  -0.122 
   0.089 
  -0.058 
   0.070 
  -0.072 
  -0.159 
  -0.322 
  -0.260 
   0.789 
   0.078 
   0.127 
   0.213 
  -0.298 
   0.239 
   0.116 
   0.341 
  -0.240 
  -0.439 
  -0.325 
   0.299 
   0.196 
   0.554 
   0.204 
  -0.298 
   0.196 
  -0.302 
   0.182 
  -0.358 
   0.001 
   0.421 
  -0.299 
  -0.037 
  -0.074 
  -0.111 
  -0.336 
   0.252 
  -0.073 
  -0.118 
  -0.358 
   0.191 
  -0.010 
   0.802 
  -0.231 
   0.233 
   0.150 
   0.068 
  -0.097 
   0.044 
  -0.332 
   0.032 
  -0.379 
  -0.298 
  -0.015 
  -0.045 
   0.571 
   0.036 
   0.287 
  -0.183 
   0.240 
  -0.102 
  -0.144 
  -0.103 
  -0.152 
  -0.304 
  -0.066 
  -0.245 
   0.039 
   0.144 
  -0.082 
  -0.235 
  -0.213 
  -0.308 
   0.364 
  -0.308 
  -0.146 
  -0.386 
   0.427 
  -0.063 
  -0.318 
   0.156 
   0.012 
   0.028 
   0.333 
   0.168 
   0.299 
  -0.018 
   0.050 
  -0.117 
   0.247 
   0.341 
  -0.330 
   0.059 
   0.123 
  -0.309 
  -0.172 
  -0.116 
   0.169 
  -0.292 
   0.156 
  -0.013 
   0.284 
  -0.132 
  -0.459 
   0.202 
  -0.134 
   0.270 
  -0.130 
   0.253 
   0.120 
  -0.127 
   0.164 
   0.293 
  -0.284 
  -0.281 
   0.236 
   0.240 
   0.184 
  -0.150 
  -0.330 
   0.070 
  -0.164 
   0.356 
   0.072 
  -0.026 
   0.342 
  -0.087 
   0.361 
   0.210 
   0.066 
  -0.067 
   0.303 
   0.583 
  -0.026 
  -0.114 
  -0.074 
  -0.302 
   0.297 
   0.187 
  -0.251 
  -0.218 
   0.332 
   0.886 
   0.041 
  -0.098 
   0.054 
  -0.122 
  -0.140 
  -0.372 
   0.194 
  -0.098 
   0.300 
   0.098 
   0.076 
  -0.359 
  -0.338 
  -0.064 
  -0.112 
  -0.087 
  -0.079 
  -0.018 
   0.174 
  -0.304 
  -0.303 
   0.344 
  -0.356 
   0.516 
   0.336 
  -0.313 
  -0.269 
  -0.271 
  -0.087 
  -0.293 
   0.897 
  -0.429 
  -0.244 
  -0.105 
   0.186 
  -0.281 
  -0.343 
   0.522 
  -0.242 
  -0.104 
   0.281 
  -0.209 
  -0.119 
   0.544 
   0.125 
   0.207 
  -0.200 
   0.158 
  -0.350 
   0.235 
   0.159 
  -0.126 
  -0.099 
   0.162 
  -0.016 
   0.044 
   0.587 
   0.480 
  -0.170 
   0.010 
   0.006 
  -0.125 
  -0.017 
  -0.247 
  -0.054 
  -0.142 
   0.107 
   0.133 
   0.587 
  -0.016 
  -0.148 
  -0.147 
  -0.025 
  -0.042 
  -0.327 
  -0.111 
   0.830 
   0.136 
   0.002 
  -0.227 
   0.242 
  -0.350 
   0.814 
   0.225 
  -0.001 
   0.232 
  -0.013 
   0.457 
   0.055 
  -0.111 
  -0.350 
  -0.152 
   0.230 
   0.181 
   0.150 
   0.076 
   0.135 
  -0.095 
  -0.254 
  -0.049 
   0.352 
  -0.106 
  -0.064 
  -0.288 
  -0.178 
   0.139 
  -0.271 
  -0.096 
  -0.303 
  -0.155 
   0.102 
  -0.305 
  -0.281 
   0.222 
  -0.360 
   0.053 
  -0.168 
  -0.107 
  -0.038 
   0.083 
   0.211 
  -0.054 
   0.357 
   0.600 
   0.162 
   0.249 
   0.451 
  -0.006 
   0.187 
   0.010 
  -0.085 
   0.034 
   0.196 
  -0.071 
   0.061 
  -0.025 
  -0.272 
   0.231 
   0.249 
   0.158 
  -0.397 
  -0.335 
   0.072 
  -0.055 
  -0.309 
  -0.317 
   0.288 
  -0.058 
  -0.418 
  -0.034 
  -0.192 
  -0.077 
  -0.196 
  -0.104 
   0.562 
  -0.273 
   0.332 
  -0.026 
  -0.122 
  -0.134 
  -0.000 
  -0.086 
  -0.330 
  -0.104 
  -0.337 
   0.817 
   0.080 
  -0.130 
   0.064 
  -0.003 
  -0.250 
   0.122 
  -0.182 
  -0.218 
   0.111 
  -0.141 
   0.304 
   0.269 
  -0.358 
   0.634 
  -0.226 
   0.291 
   0.099 
   0.438 
  -0.125 
  -0.149 
  -0.201 
  -0.051 
   0.153 
   0.506 
  -0.385 
   0.094 
   0.106 
   0.595 
  -0.217 
   0.231 
   0.092 
   0.554 
  -0.163 
  -0.049 
  -0.241 
   0.046 
   0.257 
   0.275 
   0.391 
  -0.270 
   0.229 
   0.028 
   0.389 
  -0.350 
  -0.191 
   0.269 
   0.299 
   0.003 
  -0.279 
   0.201 
   0.118 
  -0.050 
   0.007 
  -0.077 
  -0.072 
   0.244 
  -0.236 
   0.391 
   0.696 
   0.244 
   0.268 
  -0.269 
   0.544 
  -0.098 
  -0.179 
   0.723 
  -0.244 
   0.291 
  -0.055 
   0.173 
  -0.132 
   0.114 
   0.064 
   0.353 
  -0.074 
   0.250 
  -0.089 
   0.531 
  -0.032 
  -0.149 
  -0.139 
   0.536 
   0.056 
  -0.134 
   0.171 
  -0.306 
   0.122 
   0.131 
  -0.250 
  -0.061 
   0.230 
   0.048 
  -0.026 
  -0.062 
   0.066 
  -0.143 
  -0.061 
  -0.047 
   0.662 
   0.112 
   0.008 
   0.110 
   0.101 
   0.232 
  -0.106 
   0.086 
   0.137 
   0.222 
   0.311 
  -0.029 
   0.229 
  -0.152 
  -0.178 
   0.072 
   0.319 
   0.033 
  -0.271 
   0.128 
  -0.106 
  -0.066 
  -0.092 
   0.090 
  -0.011 
  -0.211 
   0.109 
  -0.025 
   0.597 
   0.106 
  -0.107 
  -0.289 
  -0.368 
   0.330 
  -0.053 
  -0.366 
   0.108 
   0.240 
   0.563 
  -0.284 
  -0.108 
   0.353 
  -0.151 
   0.332 
  -0.407 
   0.111 
   0.141 
   0.246 
   0.312 
  -0.298 
  -0.157 
  -0.160 
   0.050 
  -0.050 
   0.048 
   0.287 
   0.107 
   0.276 
   0.073 
  -0.187 
   0.054 
  -0.385 
  -0.471 
  -0.147 
  -0.056 
   0.547 
   0.211 
  -0.246 
   0.180 
   0.157 
   0.302 
  -0.281 
   0.204 
   0.847 
  -0.147 
   0.057 
   0.093 
   0.448 
   0.643 
  -0.228 
  -0.091 
  -0.455 
  -0.073 
  -0.140 
  -0.358 
   0.809 
   0.540 
  -0.055 
  -0.248 
   0.917 
  -0.054 
   0.280 
  -0.275 
  -0.074 
   0.217 
   0.088 
  -0.091 
   0.082 
   0.264 
   0.251 
   0.068 
   0.069 
   0.387 
  -0.457 
  -0.000 
  -0.382 
   0.048 
   0.231 
  -0.244 
   0.161 
   0.105 
  -0.155 
  -0.350 
   0.547 
  -0.117 
   0.018 
  -0.165 
   0.172 
  -0.123 
  -0.309 
  -0.032 
  -0.278 
   0.225 
  -0.056 
  -0.233 
  -0.113 
   0.281 
  -0.100 
  -0.136 
   0.159 
  -0.294 
  -0.199 
   0.242 
  -0.136 
  -0.286 
  -0.318 
   0.188 
  -0.172 
  -0.143 
  -0.369 
  -0.091 
   0.057 
   0.511 
  -0.132 
  -0.249 
  -0.449 
   0.518 
   0.201 
  -0.073 
   0.263 
   0.765 
   0.214 
   0.244 
   0.539 
  -0.290 
  -0.270 
  -0.080 
  -0.116 
   0.046 
   0.078 
  -0.248 
  -0.355 
  -0.316 
  -0.132 
  -0.079 
  -0.170 
  -0.269 
  -0.021 
  -0.318 
   0.030 
  -0.037 
  -0.224 
  -0.020 
   0.240 
  -0.036 
  -0.151 
  -0.053 
   0.194 
  -0.070 
  -0.326 
   0.002 
   0.126 
   0.391 
  -0.084 
   0.237 
  -0.056 
  -0.029 
  -0.270 
  -0.026 
  -0.323 
   0.200 
  -0.236 
   0.402 
  -0.034 
   0.170 
   0.079 
  -0.045 
  -0.315 
  -0.259 
  -0.071 
  -0.095 
   0.171 
  -0.150 
   0.834 
   0.102 
   0.110 
   0.265 
   0.523 
   0.020 
   0.078 
   0.564 
  -0.116 
   0.051 
  -0.306 
   0.155 
   0.299 
   0.316 
  -0.281 
  -0.138 
   0.112 
  -0.101 
  -0.095 
   0.172 
   0.070 
   0.370 
   0.093 
   0.115 
   0.507 
   0.882 
  -0.114 
  -0.050 
   0.399 
  -0.315 
  -0.390 
  -0.101 
  -0.041 
   0.552 
   0.041 
  -0.310 
  -0.142 
  -0.036 
   0.010 
   0.291 
  -0.106 
   0.278 
   0.235 
   0.117 
  -0.044 
  -0.149 
  -0.290 
  -0.161 
  -0.206 
  -0.292 
  -0.154 
   0.234 
  -0.076 
  -0.173 
   0.395 
   0.245 
  -0.329 
  -0.128 
  -0.120 
   0.173 
   0.087 
   0.022 
   0.214 
   0.120 
  -0.147 
  -0.097 
  -0.246 
  -0.108 
   0.079 
   0.663 
  -0.307 
   0.073 
  -0.040 
   0.141 
   0.295 
   0.430 
   0.112 
   0.315 
  -0.286 
   0.288 
  -0.344 
  -0.081 
  -0.115 
  -0.340 
  -0.439 
   0.234 
  -0.185 
   0.193 
  -0.166 
  -0.295 
  -0.412 
   0.139 
   0.276 
  -0.156 
  -0.069 
  -0.088 
   0.363 
   0.558 
  -0.136 
   0.032 
  -0.092 
  -0.096 
  -0.370 
   0.242 
   0.171 
  -0.279 
  -0.096 
  -0.178 
  -0.020 
  -0.306 
  -0.284 
  -0.162 
   0.287 
  -0.037 
   0.567 
  -0.097 
   0.283 
   0.462 
   0.336 
   0.147 
  -0.433 
  -0.185 
   0.106 
  -0.066 
  -0.080 
   0.214 
   0.048 
   0.267 
   0.096 
  -0.063 
  -0.279 
  -0.287 
   0.239 
   0.539 
   0.397 
   0.018 
  -0.368 
   0.277 
  -0.062 
   0.088 
   0.065 
  -0.378 
  -0.437 
  -0.144 
  -0.320 
  -0.122 
   0.173 
   0.746 
  -0.358 
  -0.328 
  -0.327 
   0.574 
   0.207 
  -0.064 
  -0.174 
  -0.039 
  -0.051 
  -0.147 
  -0.100 
   0.573 
   0.396 
   0.341 
  -0.259 
  -0.085 
   0.355 
  -0.323 
   0.305 
  -0.098 
  -0.073 
   0.142 
   0.170 
  -0.329 
  -0.106 
   0.128 
   0.558 
  -0.238 
  -0.362 
   0.431 
   0.364 
   0.555 
  -0.064 
   0.591 
   0.309 
  -0.030 
   0.050 
   0.538 
   0.117 
   0.029 
  -0.314 
  -0.011 
  -0.105 
   0.197 
  -0.331 
  -0.331 
  -0.312 
  -0.433 
   0.423 
  -0.026 
   0.248 
   0.056 
  -0.055 
   0.350 
   0.133 
  -0.089 
   0.007 
   0.143 
  -0.084 
  -0.244 
  -0.259 
  -0.065 
  -0.122 
   0.030 
  -0.236 
   0.360 
  -0.093 
  -0.111 
   0.208 
   0.006 
  -0.026 
  -0.304 
  -0.309 
   0.048 
   0.044 
   0.153 
  -0.139 
   0.549 
   0.009 
   0.097 
   0.142 
  -0.339 
  -0.123 
   0.567 
   0.090 
  -0.124 
  -0.347 
  -0.160 
   0.168 
  -0.076 
   0.547 
   0.169 
  -0.240 
  -0.337 
  -0.129 
   0.126 
   0.036 
  -0.111 
  -0.115 
  -0.076 
  -0.008 
   0.209 
   0.239 
  -0.311 
   0.103 
  -0.035 
   0.145 
  -0.345 
   0.166 
   0.254 
  -0.131 
  -0.228 
  -0.014 
   0.059 
  -0.121 
  -0.094 
  -0.128 
  -0.083 
   0.241 
   0.324 
   0.026 
  -0.156 
  -0.208 
   0.006 
   0.201 
  -0.143 
  -0.292 
   0.109 
  -0.174 
  -0.243 
   0.114 
  -0.071 
   0.510 
  -0.063 
  -0.074 
   0.027 
  -0.325 
  -0.322 
  -0.008 
  -0.087 
   0.028 
   0.533 
   0.220 
  -0.295 
  -0.159 
  -0.220 
  -0.299 
   0.201 
  -0.030 
   0.158 
  -0.255 
   0.273 
   0.276 
  -0.059 
   0.067 
   0.406 
   0.585 
  -0.334 
  -0.107 
  -0.136 
  -0.350 
  -0.134 
  -0.473 
   0.273 
  -0.147 
  -0.110 
  -0.294 
   0.259 
   0.750 
  -0.022 
  -0.006 
  -0.347 
   0.409 
   0.281 
   0.266 
   0.135 
  -0.113 
  -0.375 
  -0.440 
  -0.168 
  -0.324 
  -0.060 
   0.010 
  -0.324 
  -0.201 
  -0.057 
   0.038 
  -0.071 
  -0.315 
   0.012 
  -0.153 
   0.737 
   0.156 
   0.421 
  -0.077 
  -0.361 
  -0.034 
  -0.292 
   0.455 
   0.673 
   0.052 
  -0.200 
  -0.356 
  -0.186 
   0.080 
   0.137 
  -0.083 
   0.600 
  -0.205 
   0.094 
  -0.064 
  -0.075 
   0.081 
  -0.328 
   0.809 
   0.195 
   0.016 
   0.182 
  -0.333 
   0.110 
  -0.372 
  -0.269 
   0.031 
  -0.146 
  -0.260 
  -0.066 
  -0.113 
   0.243 
   0.395 
   0.431 
   0.123 
  -0.005 
  -0.065 
   0.533 
   0.792 
   0.057 
   0.260 
   0.035 
   0.542 
  -0.167 
  -0.039 
  -0.395 
   0.542 
   0.002 
   0.200 
  -0.177 
  -0.219 
   0.393 
   0.206 
  -0.026 
   0.213 
  -0.164 
   0.227 
   0.380 
  -0.005 
  -0.021 
   0.078 
  -0.020 
  -0.314 
   0.370 
   0.207 
  -0.132 
  -0.048 
  -0.336 
  -0.088 
   0.219 
  -0.088 
  -0.228 
   0.180 
  -0.030 
  -0.362 
   0.582 
   0.645 
   0.323 
   0.033 
   0.165 
  -0.337 
   0.254 
   0.545 
   0.178 
   0.150 
   0.215 
   0.302 
  -0.177 
  -0.072 
   0.069 
   0.168 
  -0.124 
   0.284 
   0.891 
  -0.371 
   0.549 
  -0.070 
  -0.292 
  -0.101 
   0.005 
   0.529 
   0.121 
  -0.171 
  -0.124 
  -0.263 
  -0.088 
  -0.055 
  -0.181 
  -0.085 
  -0.304 
   0.059 
  -0.264 
   0.108 
  -0.023 
  -0.344 
  -0.298 
   0.563 
  -0.103 
  -0.051 
   0.203 
  -0.082 
   0.559 
  -0.131 
   0.862 
  -0.211 
   0.195 
  -0.258 
   0.360 
  -0.072 
  -0.010 
  -0.209 
   0.474 
   0.277 
   0.304 
   0.194 
   0.243 
  -0.287 
  -0.292 
  -0.172 
  -0.186 
  -0.291 
   0.191 
   0.138 
  -0.101 
  -0.148 
  -0.235 
  -0.270 
  -0.275 
  -0.090 
  -0.077 
  -0.390 
  -0.128 
   0.003 
  -0.346 
  -0.238 
  -0.054 
  -0.168 
   0.197 
   0.471 
   0.337 
   0.163 
   0.591 
  -0.213 
   0.055 
   0.141 
  -0.320 
  -0.055 
   0.068 
  -0.060 
  -0.097 
  -0.219 
   0.202 
   0.177 
   0.262 
   0.236 
  -0.015 
   0.055 
  -0.102 
   0.316 
  -0.380 
   0.398 
  -0.053 
  -0.183 
   0.187 
   0.271 
  -0.103 
   0.173 
  -0.267 
   0.032 
  -0.103 
  -0.299 
  -0.129 
  -0.112 
   0.485 
  -0.285 
   0.131 
  -0.171 
  -0.266 
  -0.174 
  -0.219 
   0.269 
  -0.237 
  -0.188 
   0.220 
   0.117 
   0.314 
   0.091 
   0.100 
  -0.209 
   0.285 
  -0.096 
  -0.037 
  -0.112 
   0.017 
  -0.256 
   0.714 
  -0.152 
   0.052 
   0.271 
  -0.435 
  -0.110 
   0.200 
   0.324 
  -0.085 
  -0.254 
  -0.076 
  -0.011 
   0.379 
  -0.151 
   0.167 
  -0.288 
  -0.155 
   0.528 
  -0.126 
   0.204 
   0.092 
   0.193 
  -0.282 
   0.006 
   0.196 
  -0.244 
  -0.382 
  -0.124 
  -0.126 
  -0.029 
  -0.111 
  -0.233 
   0.002 
  -0.351 
  -0.071 
  -0.010 
   0.634 
   0.046 
   0.093 
   0.322 
   0.406 
   0.252 
  -0.049 
   0.372 
   0.088 
  -0.079 
  -0.212 
  -0.308 
   0.394 
   0.121 
  -0.147 
   0.174 
   0.173 
   0.033 
   0.115 
   0.244 
  -0.035 
  -0.299 
  -0.115 
  -0.168 
   0.760 
  -0.048 
  -0.038 
   0.298 
   0.042 
   0.267 
  -0.270 
   0.855 
  -0.220 
  -0.160 
   0.248 
  -0.086 
  -0.063 
   0.422 
   0.342 
   0.123 
   0.277 
   0.043 
   0.585 
  -0.267 
  -0.048 
   0.120 
  -0.084 
  -0.380 
  -0.289 
  -0.146 
   0.005 
   0.105 
  -0.062 
   0.552 
  -0.070 
  -0.063 
   0.304 
  -0.397 
   0.065 
   0.068 
   0.157 
  -0.242 
   0.545 
  -0.078 
  -0.054 
  -0.132 
  -0.292 
  -0.036 
   0.324 
  -0.105 
   0.546 
   0.006 
  -0.267 
  -0.150 
  -0.272 
  -0.392 
  -0.173 
   0.336 
   0.036 
   0.545 
  -0.026 
  -0.006 
   0.338 
   0.619 
   0.120 
   0.322 
  -0.167 
  -0.092 
   0.030 
  -0.186 
  -0.277 
   0.274 
   0.582 
   0.101 
  -0.202 
  -0.097 
   0.027 
  -0.001 
   0.119 
  -0.251 
   0.112 
  -0.027 
   0.058 
   0.151 
  -0.040 
   0.883 
   0.067 
   0.296 
  -0.101 
   0.043 
   0.060 
   0.186 
  -0.114 
  -0.101 
  -0.141 
  -0.127 
   0.235 
   0.195 
  -0.335 
  -0.264 
  -0.162 
  -0.311 
  -0.339 
  -0.164 
   0.501 
   0.210 
   0.247 
   0.223 
   0.370 
   0.156 
   0.442 
   0.216 
  -0.056 
   0.585 
   0.176 
  -0.192 
  -0.063 
  -0.093 
   0.584 
   0.338 
  -0.064 
  -0.354 
  -0.272 
  -0.357 
  -0.175 
  -0.199 
   0.109 
  -0.041 
   0.586 
  -0.221 
  -0.450 
   0.069 
  -0.191 
  -0.117 
  -0.192 
   0.083 
   0.220 
   0.189 
   0.085 
   0.037 
  -0.192 
   0.567 
   0.080 
  -0.347 
   0.034 
   0.015 
   0.276 
  -0.231 
   0.082 
   0.360 
  -0.231 
  -0.162 
   0.912 
   0.520 
   0.083 
   0.302 
  -0.056 
  -0.086 
  -0.399 
  -0.298 
   0.187 
   0.098 
  -0.085 
   0.053 
   0.249 
   0.389 
  -0.426 
   0.292 
  -0.098 
  -0.328 
   0.287 
   0.373 
   0.076 
  -0.212 
   0.062 
   0.319 
   0.071 
  -0.025 
   0.155 
  -0.260 
   0.025 
  -0.373 
  -0.192 
  -0.065 
  -0.335 
   0.278 
  -0.147 
   0.315 
  -0.062 
  -0.106 
   0.648 
   0.036 
  -0.034 
  -0.145 
  -0.241 
   0.174 
  -0.146 
   0.195 
  -0.138 
   0.062 
   0.749 
  -0.141 
  -0.143 
   0.190 
   0.155 
  -0.120 
  -0.102 
   0.775 
  -0.305 
   0.127 
  -0.014 
  -0.260 
  -0.255 
   0.154 
   0.020 
   0.552 
  -0.317 
  -0.299 
  -0.080 
   0.195 
  -0.106 
   0.119 
  -0.210 
   0.064 
  -0.347 
  -0.076 
   0.134 
   0.286 
   0.036 
   0.261 
   0.583 
   0.161 
   0.910 
   0.213 
   0.230 
  -0.283 
  -0.092 
   0.314 
  -0.085 
  -0.183 
   0.570 
   0.413 
  -0.386 
   0.055 
   0.194 
  -0.115 
   0.110 
   0.144 
  -0.005 
  -0.283 
  -0.301 
  -0.365 
  -0.100 
   0.002 
  -0.056 
  -0.275 
   0.404 
  -0.308 
  -0.171 
   0.146 
   0.150 
   0.082 
  -0.341 
   0.033 
   0.108 
  -0.336 
  -0.336 
   0.285 
  -0.078 
   0.425 
  -0.385 
  -0.057 
   0.228 
  -0.063 
  -0.368 
  -0.352 
   0.520 
  -0.025 
   0.201 
   0.040 
  -0.315 
  -0.334 
  -0.113 
  -0.008 
   0.139 
  -0.197 
   0.202 
  -0.029 
   0.315 
   0.321 
  -0.187 
  -0.157 
  -0.270 
   0.779 
   0.154 
   0.123 
   0.004 
  -0.323 
  -0.126 
  -0.336 
  -0.178 
  -0.360 
   0.183 
   0.069 
  -0.085 
  -0.268 
  -0.233 
   0.541 
   0.074 
  -0.060 
  -0.109 
   0.258 
  -0.314 
   0.175 
  -0.080 
   0.241 
   0.320 
  -0.262 
   0.210 
  -0.046 
   0.383 
   0.195 
   0.807 
  -0.343 
   0.259 
  -0.293 
  -0.366 
  -0.142 
  -0.122 
  -0.126 
  -0.183 
   0.196 
   0.756 
  -0.125 
  -0.288 
   0.181 
