   0.283 
   0.024 
   0.458 
  -0.390 
  -0.596 
   0.533 
   0.109 
  -0.073 
   0.099 
   0.098 
  -0.088 
   0.095 
  -0.376 
  -0.072 
   0.186 
  -0.078 
  -0.093 
   0.130 
  -0.048 
  -0.054 
  -0.070 
   0.044 
  -0.193 
   0.107 
   0.274 
  -0.695 
   0.143 
  -0.574 
  -0.120 
  -0.054 
  -0.040 
  -0.015 
  -0.141 
   0.194 
   0.077 
   0.239 
  -0.002 
  -0.026 
  -0.011 
  -0.014 
   0.225 
  -0.034 
  -0.075 
   0.217 
  -0.243 
   0.011 
   0.019 
   0.108 
   0.046 
  -0.100 
   0.345 
  -0.347 
   0.037 
  -0.197 
  -0.116 
   0.003 
   0.007 
  -0.127 
  -0.167 
  -0.001 
  -0.010 
  -0.054 
   0.010 
   0.028 
  -0.157 
  -0.223 
  -0.325 
   0.338 
   0.019 
   0.156 
  -0.174 
   0.156 
   0.190 
  -0.324 
   0.012 
  -0.050 
   0.335 
  -0.171 
   0.076 
  -0.049 
   0.021 
  -0.088 
  -0.106 
  -0.001 
   0.103 
  -0.097 
  -0.212 
   0.276 
   0.849 
  -0.561 
   0.523 
   0.226 
  -0.029 
  -0.336 
  -0.095 
   0.156 
  -0.166 
  -0.051 
  -0.104 
  -0.336 
   0.134 
   0.047 
  -0.042 
   0.027 
   0.112 
   0.054 
   0.305 
  -0.225 
   0.217 
   0.082 
  -0.689 
  -0.300 
  -0.501 
   0.024 
  -0.023 
  -0.313 
   0.201 
  -0.040 
   0.016 
  -0.135 
  -0.024 
   0.182 
  -0.302 
   0.119 
  -0.127 
   0.126 
  -0.054 
   0.218 
  -0.263 
   0.209 
  -0.107 
   0.060 
  -0.165 
   0.187 
  -0.206 
  -0.104 
   0.188 
  -0.113 
  -0.080 
  -0.247 
   0.205 
  -0.562 
   0.394 
  -0.121 
  -0.145 
   0.145 
  -0.031 
   0.707 
   0.144 
   0.099 
   0.334 
  -0.175 
   0.130 
  -0.060 
  -0.077 
  -0.094 
  -0.367 
   0.097 
   0.104 
  -0.003 
   0.067 
  -0.174 
  -0.674 
   0.206 
   0.010 
  -0.398 
   0.037 
   0.525 
  -0.432 
  -0.053 
  -0.127 
   0.077 
  -0.125 
   0.015 
  -0.109 
   0.216 
   0.166 
   0.067 
   0.071 
   0.194 
  -0.193 
   0.039 
   0.034 
   0.791 
  -0.446 
  -0.419 
   0.470 
  -0.041 
  -0.018 
   0.152 
  -0.303 
   0.154 
  -0.176 
   0.311 
   0.069 
  -0.000 
   0.127 
   0.092 
  -0.075 
   0.069 
   0.004 
   0.062 
  -0.063 
   0.056 
  -0.072 
  -0.090 
  -0.012 
   0.085 
  -0.038 
   0.056 
  -0.102 
   0.072 
  -0.014 
   0.106 
  -0.103 
   0.073 
  -0.076 
   0.129 
  -0.012 
  -0.053 
   0.163 
   0.052 
  -0.195 
   0.026 
  -0.085 
   0.089 
  -0.363 
   0.164 
  -0.133 
   0.210 
   0.044 
   0.291 
  -0.439 
   0.084 
  -0.109 
  -0.135 
  -0.128 
  -0.160 
   0.314 
  -0.773 
   0.260 
   0.138 
   0.140 
   0.017 
   0.269 
  -0.424 
   0.165 
  -0.126 
  -0.268 
  -0.103 
   0.101 
  -0.188 
   0.349 
   0.088 
   0.091 
   0.067 
  -0.096 
  -0.073 
   0.031 
   0.124 
   0.100 
   0.180 
  -0.426 
   0.186 
  -0.159 
  -0.109 
   0.312 
  -0.579 
   0.270 
  -0.155 
  -0.086 
  -0.238 
  -0.323 
  -0.170 
  -0.015 
   0.124 
  -0.048 
   0.079 
   0.045 
   0.061 
  -0.123 
   0.206 
   0.296 
   0.139 
   0.121 
  -0.071 
  -0.040 
   0.002 
   0.201 
  -0.018 
  -0.318 
  -0.002 
   0.111 
  -0.096 
   0.066 
   0.041 
   0.327 
  -0.162 
   0.202 
  -0.206 
   0.158 
  -0.012 
  -0.858 
  -0.002 
   0.027 
   0.166 
  -0.027 
  -0.062 
   0.018 
   0.218 
  -0.786 
  -0.262 
  -0.652 
   0.034 
   0.136 
  -0.531 
   0.313 
   0.183 
  -0.089 
  -0.078 
  -0.125 
  -0.373 
   0.396 
  -0.546 
   0.600 
  -0.017 
   0.079 
   0.214 
   0.147 
  -0.192 
   0.272 
   0.105 
  -0.064 
   0.153 
   0.050 
   0.104 
  -0.133 
  -0.156 
   0.020 
  -0.001 
  -0.013 
   0.030 
  -0.061 
  -0.158 
  -0.024 
   0.650 
  -0.477 
   0.143 
  -0.137 
   0.114 
  -0.017 
  -0.500 
   0.102 
   0.081 
  -0.057 
   0.097 
  -0.137 
   0.676 
  -0.496 
   0.240 
  -0.203 
   0.149 
   0.267 
  -0.023 
  -0.038 
  -0.018 
   0.015 
  -0.085 
  -0.049 
  -0.375 
   0.164 
  -0.052 
  -0.103 
  -0.044 
  -0.055 
   0.188 
  -0.095 
  -0.160 
   0.067 
  -0.035 
   0.091 
   0.023 
  -0.047 
  -0.133 
   0.191 
   0.177 
  -0.158 
  -0.136 
  -0.074 
   0.091 
  -0.058 
   0.148 
   0.001 
   0.102 
  -0.115 
   0.016 
  -0.032 
  -0.109 
   0.043 
  -0.265 
   0.292 
  -0.065 
   0.146 
   0.138 
   0.045 
  -0.142 
   0.087 
  -0.066 
  -0.113 
  -0.091 
  -0.088 
  -0.206 
  -0.088 
  -0.038 
   0.063 
  -0.086 
   0.010 
  -0.190 
   0.033 
  -0.145 
   0.045 
   0.073 
  -0.077 
  -0.371 
   0.194 
   0.094 
  -0.240 
  -0.274 
  -0.077 
   0.036 
  -0.016 
  -0.016 
   0.002 
   0.124 
   0.012 
  -0.191 
   0.261 
  -0.052 
   0.151 
  -0.321 
  -0.046 
  -0.314 
   0.203 
   0.018 
   0.099 
  -0.057 
   0.048 
   0.020 
  -0.044 
  -0.142 
   0.206 
   0.062 
  -0.102 
   0.312 
  -0.254 
  -0.043 
   0.017 
  -0.090 
  -0.100 
  -0.088 
   0.250 
  -0.764 
   0.795 
  -0.033 
  -0.044 
  -0.467 
   0.137 
   0.114 
  -0.104 
   0.051 
  -0.200 
   0.513 
  -0.276 
  -0.312 
   0.476 
  -0.031 
  -0.554 
  -0.425 
  -0.232 
   0.983 
  -0.825 
  -0.144 
   0.087 
  -0.311 
   0.350 
  -0.202 
   0.275 
  -0.213 
   0.068 
  -0.396 
   0.186 
  -0.112 
   0.088 
  -0.058 
  -0.065 
  -0.080 
   0.013 
  -0.086 
  -0.056 
   0.340 
  -0.087 
  -0.245 
  -0.142 
   0.035 
  -0.184 
  -0.058 
  -0.069 
   0.061 
   0.105 
  -0.153 
  -0.061 
   0.323 
  -0.036 
  -0.332 
  -0.049 
   0.635 
  -0.510 
  -0.146 
   0.025 
  -0.115 
   0.137 
   0.018 
   0.058 
   0.069 
   0.022 
   0.051 
  -0.103 
  -0.336 
   0.316 
  -0.040 
   0.077 
   0.051 
   0.012 
  -0.056 
   0.037 
  -0.093 
  -0.007 
   0.198 
  -0.042 
   0.009 
  -0.024 
   0.065 
  -0.036 
   0.352 
  -0.198 
   0.075 
  -0.083 
   0.092 
   0.066 
   0.001 
   0.065 
   0.160 
  -0.270 
  -0.247 
   0.068 
   0.284 
  -0.109 
  -0.041 
  -0.003 
  -0.092 
   0.127 
  -0.135 
   0.170 
  -0.280 
   0.271 
   0.000 
   0.004 
   0.143 
  -0.083 
   1.128 
  -0.272 
   0.120 
  -0.169 
   0.194 
  -0.181 
   0.209 
  -0.013 
  -0.118 
  -0.682 
   0.150 
   0.087 
  -0.055 
   0.090 
  -0.641 
   0.145 
  -0.584 
  -0.003 
  -0.763 
  -0.342 
  -0.340 
   0.037 
  -0.700 
   0.019 
   0.162 
   0.073 
  -0.145 
   0.115 
   0.266 
  -0.146 
  -0.031 
  -0.085 
  -0.591 
   0.302 
  -0.009 
   0.032 
  -0.200 
  -0.060 
  -0.319 
   0.167 
   0.102 
  -0.022 
  -0.066 
  -0.068 
   0.107 
  -0.250 
   0.126 
  -0.053 
   0.087 
  -0.043 
  -0.094 
   0.027 
   0.048 
  -0.202 
   0.068 
   0.006 
  -0.501 
   0.111 
   0.081 
  -0.000 
  -0.260 
  -0.058 
  -0.031 
   0.167 
  -0.085 
   0.150 
  -0.281 
   0.114 
  -0.254 
   0.428 
  -0.133 
   0.210 
  -0.363 
   0.019 
  -0.462 
   0.243 
  -0.778 
   0.658 
   0.003 
  -0.333 
  -0.281 
  -0.406 
   0.486 
  -0.658 
  -0.261 
  -0.009 
  -0.375 
   0.168 
  -0.205 
   0.113 
  -0.097 
  -0.155 
  -0.490 
   0.053 
  -0.004 
  -0.101 
  -0.083 
  -0.084 
   0.090 
  -0.137 
  -0.066 
   0.050 
   0.134 
   0.016 
   0.108 
  -0.007 
   0.041 
  -0.055 
   0.235 
  -0.148 
   0.251 
  -0.356 
  -0.099 
   0.034 
   0.067 
  -0.057 
   0.262 
  -0.176 
   0.057 
   0.026 
   0.111 
   0.156 
  -0.130 
   0.188 
   0.008 
   0.093 
   0.047 
   0.035 
   0.201 
   0.135 
  -0.109 
   0.093 
   0.003 
  -0.029 
  -0.061 
   0.022 
   0.046 
  -0.052 
   0.107 
   0.161 
  -0.381 
   0.448 
  -0.238 
   0.367 
  -0.204 
   0.027 
  -0.261 
   0.295 
  -0.014 
   0.090 
  -0.184 
  -0.004 
  -0.580 
   0.526 
  -0.070 
   0.120 
  -0.046 
  -0.099 
   0.074 
   0.139 
  -0.129 
  -0.016 
   0.233 
   0.044 
  -0.724 
   0.087 
  -0.012 
  -0.156 
   0.216 
  -0.027 
   0.040 
  -0.066 
  -0.110 
   0.018 
   0.110 
   0.033 
  -0.035 
   0.128 
   0.135 
   0.072 
   0.083 
   0.247 
  -0.375 
  -0.007 
  -0.190 
  -0.319 
  -0.068 
  -0.023 
   0.097 
   0.101 
   0.120 
  -0.365 
   0.226 
  -0.118 
   0.216 
   0.137 
  -0.009 
  -0.475 
   0.120 
   0.105 
  -0.115 
  -0.189 
  -0.147 
   0.013 
   0.023 
  -0.124 
  -0.052 
  -0.037 
   0.049 
  -0.147 
   0.135 
   0.037 
  -0.177 
   0.311 
  -0.112 
   0.237 
  -0.395 
   0.123 
  -0.239 
  -0.105 
  -0.081 
  -0.056 
   0.054 
  -0.047 
   0.054 
   0.032 
   0.073 
  -0.134 
   0.130 
  -0.030 
   0.026 
  -0.100 
  -0.050 
   0.242 
   0.007 
  -0.047 
   0.069 
  -0.196 
  -0.134 
  -0.099 
   0.046 
  -0.017 
   0.063 
  -0.007 
  -0.035 
   0.108 
  -0.174 
  -0.076 
   0.034 
   0.194 
  -0.504 
   0.443 
   1.272 
  -0.054 
  -0.114 
  -0.446 
   0.011 
   0.041 
  -0.018 
  -0.011 
  -0.082 
  -0.016 
  -0.026 
  -0.043 
   0.022 
  -0.010 
  -0.008 
  -0.639 
   0.319 
   0.076 
  -0.077 
  -0.042 
   0.100 
  -0.006 
  -0.027 
  -0.107 
   0.076 
   0.045 
   0.426 
   0.425 
  -0.551 
   0.046 
   0.015 
   0.165 
  -0.165 
  -0.040 
   0.024 
  -0.018 
  -0.216 
   0.079 
  -0.241 
   0.091 
  -0.095 
  -0.067 
  -0.086 
   0.131 
   0.004 
  -0.175 
   0.008 
  -0.119 
   0.040 
  -0.358 
   0.258 
  -0.016 
  -0.024 
   0.028 
  -0.064 
   0.036 
   0.042 
  -0.077 
   0.050 
  -0.231 
  -0.005 
  -0.294 
   0.236 
  -0.491 
   0.454 
  -0.278 
  -0.081 
  -0.569 
   0.384 
  -0.224 
   0.184 
  -0.194 
  -0.089 
   0.103 
   0.147 
  -0.159 
   0.201 
  -0.128 
  -0.025 
  -0.114 
   0.143 
   0.022 
  -0.018 
  -0.027 
  -0.010 
  -0.072 
   0.267 
   0.014 
  -0.134 
  -0.091 
   0.006 
  -0.510 
   0.182 
   0.065 
  -0.025 
  -0.096 
   0.185 
  -0.037 
   0.130 
  -0.823 
   0.879 
  -0.136 
  -0.329 
   0.684 
  -0.640 
   0.172 
  -0.062 
  -0.226 
  -0.088 
  -0.037 
   0.088 
  -0.119 
   0.141 
  -0.254 
  -0.148 
  -0.006 
   0.065 
  -0.046 
   0.085 
   0.017 
  -0.102 
   0.188 
  -0.007 
  -0.110 
  -0.022 
   0.020 
  -0.033 
   0.128 
   0.098 
  -0.067 
   0.163 
   0.354 
   0.161 
  -0.474 
   0.134 
   0.565 
  -0.620 
  -0.139 
  -0.087 
   0.137 
  -0.054 
   0.114 
  -0.075 
   0.016 
  -0.249 
   0.618 
  -0.446 
   0.161 
  -0.208 
  -0.064 
   0.027 
   0.009 
  -0.059 
  -0.003 
  -0.038 
  -0.125 
   0.022 
  -0.015 
   0.120 
  -0.036 
   0.004 
  -0.178 
  -0.062 
  -0.111 
   0.186 
  -0.204 
   0.311 
  -0.337 
  -0.010 
  -0.018 
  -0.052 
  -0.171 
   0.081 
  -0.339 
   0.035 
  -0.230 
   0.080 
  -0.056 
   0.113 
  -0.097 
  -0.017 
  -0.092 
   0.077 
   0.014 
   0.060 
  -0.271 
  -0.074 
   0.132 
   0.141 
   1.122 
  -0.046 
  -0.107 
   0.142 
  -0.194 
   0.114 
  -0.096 
  -0.237 
  -0.002 
  -0.323 
   0.299 
   0.004 
  -0.002 
   0.038 
  -0.003 
  -0.024 
   0.211 
  -0.222 
   0.222 
  -0.355 
  -0.092 
  -0.556 
   0.391 
  -0.030 
   0.077 
   0.159 
   0.178 
   0.168 
   0.162 
   0.063 
  -0.029 
   0.135 
  -0.078 
  -0.232 
   0.101 
  -0.061 
   0.163 
  -0.189 
   0.078 
  -0.241 
   0.012 
  -0.107 
   0.043 
   0.012 
   0.018 
   0.361 
  -0.171 
  -0.105 
   0.074 
  -0.328 
  -0.196 
  -0.111 
   0.143 
  -0.103 
   0.017 
  -0.044 
  -0.066 
   0.034 
  -0.041 
   0.126 
  -0.115 
  -0.203 
  -0.056 
   0.445 
  -0.395 
   0.179 
  -0.210 
   0.051 
  -0.093 
  -0.019 
  -0.040 
   0.055 
  -0.059 
  -0.185 
  -0.496 
  -0.585 
   0.013 
   1.066 
  -0.829 
  -0.259 
  -0.042 
   0.169 
   0.010 
  -0.373 
   0.408 
  -0.059 
  -0.046 
   0.149 
  -0.058 
   0.041 
  -0.215 
  -0.103 
   0.016 
  -0.144 
   0.124 
   0.036 
  -0.167 
  -0.041 
  -0.062 
  -0.017 
   0.085 
  -0.693 
   0.665 
  -0.016 
  -0.032 
  -0.158 
  -0.104 
   0.146 
  -0.162 
  -0.085 
  -0.017 
  -0.071 
   0.086 
  -0.162 
   0.127 
   0.196 
  -0.135 
  -0.238 
   0.045 
   0.024 
  -0.106 
  -0.171 
   0.044 
  -0.546 
  -0.246 
  -0.223 
   0.738 
  -0.610 
   0.356 
  -0.303 
   0.056 
  -0.059 
   0.006 
   0.164 
  -0.124 
   0.119 
   0.005 
   0.102 
   0.161 
   0.120 
  -0.012 
   0.020 
   0.273 
   0.169 
   0.284 
  -0.128 
  -0.734 
   0.661 
  -0.274 
  -0.020 
  -0.079 
   0.137 
   0.005 
  -0.051 
  -0.336 
  -0.070 
  -0.350 
   0.138 
  -0.080 
   0.071 
  -0.012 
   0.147 
   0.026 
   0.162 
  -0.142 
   0.200 
  -0.237 
  -0.081 
   0.218 
  -0.095 
  -0.104 
   0.071 
   0.039 
  -0.051 
   0.153 
  -0.298 
   0.152 
  -0.164 
  -0.166 
  -0.041 
  -0.005 
   0.140 
  -0.377 
   0.243 
  -0.213 
  -0.035 
   0.293 
  -0.153 
   0.017 
   0.028 
   0.218 
  -0.075 
  -0.326 
   0.135 
  -0.017 
   0.128 
  -0.057 
   0.058 
   0.058 
   0.012 
  -0.124 
   0.092 
  -0.017 
  -0.045 
   0.100 
  -0.165 
  -0.156 
   0.101 
  -0.117 
  -0.157 
  -0.080 
  -0.466 
   0.292 
  -0.213 
   0.134 
   0.050 
  -0.149 
   0.021 
   0.237 
  -0.224 
  -0.129 
   0.055 
  -0.486 
   0.510 
  -0.082 
   0.173 
   0.107 
  -0.019 
   0.358 
  -0.099 
   0.006 
  -0.162 
  -0.184 
   0.005 
   0.245 
   0.068 
   0.008 
   0.048 
   0.283 
   0.060 
  -0.000 
   0.203 
   0.191 
  -0.334 
  -0.266 
   0.086 
   0.082 
  -0.039 
  -0.197 
   0.112 
   0.409 
   0.066 
   0.227 
  -0.155 
   0.026 
  -0.025 
   0.044 
  -0.024 
   0.024 
  -0.152 
   0.059 
  -0.243 
  -0.098 
  -0.231 
  -0.226 
  -0.052 
   0.082 
  -0.040 
  -0.192 
   0.174 
  -0.347 
   0.145 
  -0.289 
   0.298 
   0.145 
  -0.047 
   0.790 
  -0.678 
   0.507 
  -0.407 
   0.208 
   0.091 
   0.181 
  -0.339 
   0.426 
  -0.432 
   0.243 
  -0.176 
   0.794 
   0.395 
  -0.309 
  -0.079 
   0.099 
   0.173 
   0.097 
  -0.009 
  -0.004 
  -0.166 
  -0.035 
  -0.134 
   0.015 
   0.043 
   0.043 
  -0.008 
  -0.217 
   0.536 
  -0.617 
   0.249 
  -0.108 
  -0.179 
  -0.039 
   0.024 
   0.088 
  -0.144 
   0.046 
   0.151 
  -0.126 
  -0.004 
  -0.018 
  -0.252 
   0.088 
   0.008 
  -0.117 
   0.279 
  -0.195 
   0.068 
  -0.235 
   0.031 
   0.014 
  -0.062 
   0.021 
   0.026 
  -0.036 
   0.294 
   0.087 
   0.224 
  -0.103 
  -0.091 
   0.059 
  -0.085 
  -0.124 
   0.131 
  -0.174 
   0.043 
  -0.030 
  -0.397 
  -0.105 
   0.221 
  -0.038 
  -0.138 
   0.212 
   0.216 
  -0.660 
  -0.109 
  -0.068 
  -0.240 
   0.322 
  -0.511 
   0.529 
   0.076 
  -0.123 
  -0.268 
  -0.061 
   0.108 
  -0.232 
   0.266 
  -0.025 
   0.219 
  -0.123 
  -0.035 
   0.013 
  -0.096 
  -0.092 
   0.220 
  -0.399 
   0.224 
  -0.105 
   0.034 
  -0.073 
   0.725 
  -0.656 
   0.143 
  -0.159 
  -0.002 
  -0.111 
   0.689 
  -0.613 
   0.030 
  -0.173 
  -0.176 
   0.082 
  -0.165 
   0.096 
  -0.148 
   0.178 
   0.023 
   0.118 
   0.240 
  -0.230 
   0.256 
  -0.392 
   0.233 
   0.014 
   0.106 
  -0.067 
   0.034 
  -0.213 
   0.086 
   0.134 
  -0.109 
   0.304 
   0.211 
  -0.292 
  -0.147 
   0.047 
  -0.305 
   0.020 
   0.073 
  -0.280 
  -0.029 
   0.026 
  -0.118 
   0.149 
  -0.051 
   0.145 
   0.263 
  -0.012 
   0.165 
  -0.056 
  -0.015 
  -0.127 
  -0.315 
   0.123 
  -0.035 
   0.027 
  -0.313 
   0.255 
   0.013 
  -0.061 
   0.034 
  -0.098 
   0.111 
  -0.231 
   0.097 
   0.161 
  -0.436 
   0.036 
   0.405 
  -0.400 
   0.074 
  -0.191 
  -0.736 
   0.048 
  -0.061 
   0.103 
  -0.177 
   0.111 
  -0.121 
   0.178 
   0.290 
   0.554 
  -0.681 
   1.206 
  -0.228 
  -0.050 
   0.046 
   0.048 
  -0.792 
   0.793 
   0.183 
  -0.027 
   0.185 
  -0.211 
   0.093 
  -0.073 
   0.178 
   0.139 
   0.222 
  -0.387 
   0.183 
  -0.126 
  -0.049 
  -0.153 
   0.007 
   0.016 
   0.053 
  -0.032 
   0.120 
  -0.052 
   0.007 
   0.098 
  -0.048 
  -0.124 
   0.241 
   0.023 
  -0.128 
   0.294 
  -0.058 
   0.141 
  -0.102 
  -0.076 
  -0.100 
   0.005 
   0.115 
  -0.020 
   0.064 
  -0.074 
   0.191 
  -0.135 
  -0.032 
  -0.009 
   0.064 
   0.032 
  -0.606 
   0.077 
  -0.294 
   0.303 
   0.017 
  -0.168 
   0.377 
  -0.575 
   0.277 
  -0.136 
   0.076 
   0.080 
  -0.056 
   0.240 
  -0.245 
   0.334 
   0.035 
  -0.010 
  -0.030 
   0.228 
  -0.404 
   0.427 
  -0.185 
  -0.017 
  -0.329 
   0.150 
  -0.268 
   0.326 
  -0.113 
  -0.011 
   0.183 
   0.092 
  -0.043 
   0.144 
  -0.019 
   0.007 
  -0.106 
   0.037 
  -0.161 
  -0.016 
   0.033 
   0.018 
   0.298 
  -0.372 
   0.106 
  -0.106 
   0.008 
  -0.090 
   0.554 
  -0.286 
   0.167 
  -0.180 
  -0.098 
   0.017 
   0.195 
  -0.008 
  -0.172 
   0.074 
  -0.044 
   0.006 
   0.533 
  -0.028 
   0.146 
  -0.089 
   0.072 
  -0.433 
   0.223 
  -0.279 
   0.274 
   0.073 
   0.130 
  -0.097 
   0.088 
  -0.054 
   0.051 
  -0.058 
   0.283 
   0.186 
  -0.059 
   0.218 
  -0.127 
   0.103 
  -0.036 
  -0.091 
   0.017 
   0.065 
  -0.037 
   0.211 
  -0.040 
  -0.272 
  -0.119 
   0.360 
  -0.289 
   0.389 
   0.095 
   0.809 
   0.862 
  -0.750 
   0.145 
   0.138 
   0.050 
   0.084 
  -0.137 
   0.207 
   0.003 
  -0.005 
   0.108 
   0.096 
  -0.068 
   0.125 
  -0.246 
   0.109 
  -0.014 
   0.158 
  -0.253 
   0.290 
  -0.076 
   0.087 
   0.106 
   0.277 
  -0.181 
   0.255 
   0.033 
  -0.033 
   0.427 
  -0.419 
   0.119 
  -0.132 
  -0.180 
  -0.129 
   0.197 
  -0.101 
  -0.378 
  -0.005 
  -0.137 
   0.008 
  -0.153 
   0.145 
  -0.128 
   0.201 
   0.087 
   0.010 
  -0.252 
   0.148 
   0.049 
  -0.106 
  -0.372 
   0.198 
  -0.010 
  -0.127 
   0.162 
   0.097 
   0.566 
  -0.473 
   0.283 
  -0.303 
  -0.096 
  -0.024 
  -0.333 
   0.121 
   0.048 
  -0.051 
   0.328 
   0.162 
   0.064 
  -0.532 
  -0.326 
  -0.254 
   0.046 
   0.058 
   0.348 
  -0.169 
  -0.002 
  -0.018 
  -0.067 
  -0.028 
   0.135 
   0.099 
  -0.144 
   0.234 
  -0.391 
   0.005 
  -0.009 
   0.024 
  -0.169 
   0.062 
  -0.249 
   0.034 
  -0.114 
   0.220 
  -0.317 
   0.283 
   0.117 
   0.044 
   0.558 
  -0.264 
  -0.144 
   0.225 
  -0.120 
  -0.016 
   0.014 
  -0.077 
   0.024 
  -0.049 
   0.221 
   0.033 
  -0.327 
   0.233 
  -0.086 
   0.165 
  -0.202 
   0.234 
  -0.272 
   0.193 
   0.331 
  -0.409 
   0.036 
   0.036 
   0.418 
  -0.223 
  -0.052 
   0.034 
  -0.011 
   0.068 
  -0.141 
   0.030 
   0.159 
  -0.155 
  -0.195 
   0.045 
  -0.222 
   0.416 
  -0.036 
   0.115 
   0.094 
  -0.049 
   0.390 
  -0.095 
  -0.375 
   0.353 
   0.052 
   0.034 
  -0.000 
   0.069 
  -0.012 
   0.069 
   0.087 
   0.078 
   0.204 
  -0.201 
   0.350 
  -0.348 
  -0.098 
  -0.173 
   0.552 
  -0.483 
   0.227 
  -0.108 
   0.026 
  -0.113 
  -0.021 
  -0.036 
   0.115 
  -0.126 
   0.108 
  -0.190 
   0.292 
  -0.433 
   0.111 
  -0.110 
   0.098 
   0.016 
   0.194 
  -0.227 
  -0.021 
  -0.012 
  -0.188 
   0.040 
  -0.134 
   0.148 
  -0.032 
   0.013 
   0.228 
   0.057 
   0.759 
  -0.668 
   0.643 
  -0.499 
   0.220 
   0.113 
   0.494 
  -0.172 
  -0.000 
  -0.023 
   0.078 
  -0.118 
  -0.380 
   0.046 
   0.024 
  -0.103 
  -0.116 
  -0.007 
  -0.313 
   0.239 
   0.016 
  -0.036 
  -0.160 
  -0.072 
  -0.055 
   0.069 
  -0.075 
   0.162 
   0.033 
   0.049 
   0.093 
  -0.045 
  -0.049 
   0.144 
  -0.053 
   0.023 
  -0.608 
   0.362 
   0.031 
   0.080 
  -0.358 
   0.044 
  -0.126 
   0.093 
  -0.152 
   0.121 
  -0.196 
  -0.254 
  -0.005 
   0.134 
   0.259 
  -0.149 
   0.324 
   0.005 
  -0.006 
   0.139 
  -0.036 
   0.033 
  -0.304 
   0.317 
  -0.830 
   0.543 
  -0.500 
   0.359 
   0.282 
   0.372 
  -0.210 
   0.381 
   0.757 
   0.005 
  -0.056 
   0.004 
   0.110 
  -0.126 
   0.117 
  -0.036 
  -0.016 
  -0.051 
   0.036 
  -0.313 
   0.326 
  -0.165 
   0.007 
  -0.004 
   0.109 
  -0.261 
   0.300 
   0.071 
  -0.102 
  -0.390 
   0.086 
  -0.046 
  -0.044 
  -0.265 
   0.083 
  -0.028 
   0.029 
   0.018 
  -0.258 
   0.113 
  -0.012 
   0.238 
  -0.177 
   0.098 
  -0.025 
  -0.109 
   0.044 
  -0.512 
   0.519 
  -0.307 
   0.278 
   0.255 
   0.082 
  -0.353 
  -0.071 
   0.363 
  -0.347 
  -0.115 
   0.054 
  -0.115 
   0.103 
  -0.088 
   0.062 
  -0.160 
  -0.103 
  -0.375 
   0.174 
  -0.042 
  -0.073 
  -0.233 
  -0.037 
   0.210 
  -0.112 
   0.000 
   0.091 
  -0.267 
   0.205 
  -0.333 
   0.225 
  -0.320 
   0.213 
  -0.027 
  -0.074 
  -0.068 
   0.257 
  -0.268 
   0.359 
  -0.429 
   0.039 
  -0.220 
   0.411 
  -0.476 
   0.465 
   0.280 
   0.168 
  -0.388 
   0.109 
   0.143 
  -0.062 
  -0.210 
   0.133 
  -0.226 
   0.267 
  -0.491 
   0.338 
  -0.211 
  -0.137 
  -0.060 
   0.272 
  -0.179 
   0.245 
   0.155 
  -0.032 
  -0.326 
   0.032 
   0.126 
  -0.087 
  -0.086 
   0.048 
  -0.295 
   0.268 
  -0.058 
   0.133 
  -0.161 
   0.228 
  -0.473 
   0.336 
  -0.353 
   0.245 
   0.104 
  -0.100 
   0.127 
  -0.226 
   0.177 
  -0.162 
   0.094 
  -0.006 
   0.028 
  -0.035 
   0.052 
  -0.181 
  -0.159 
  -0.050 
  -0.057 
  -0.051 
  -0.141 
   0.185 
   0.022 
   0.022 
   0.282 
  -0.115 
  -0.148 
   0.208 
  -0.187 
  -0.314 
  -0.388 
  -0.041 
   0.099 
  -0.085 
  -0.145 
   0.189 
   0.104 
  -0.081 
   0.492 
  -0.226 
   0.119 
  -0.135 
  -0.030 
  -0.144 
   0.062 
  -0.142 
   0.025 
   0.125 
  -0.128 
  -0.020 
  -0.174 
  -0.059 
   0.044 
  -0.066 
  -0.061 
  -0.077 
   0.437 
  -0.164 
  -0.268 
  -0.045 
   0.117 
  -0.205 
   0.175 
  -0.175 
   0.072 
  -0.057 
   0.072 
  -0.041 
  -0.489 
   0.148 
   0.096 
  -0.240 
  -0.271 
  -0.039 
  -0.125 
   0.006 
  -0.061 
   0.001 
   0.039 
   0.024 
   0.126 
  -0.096 
  -0.005 
   0.057 
  -0.067 
  -0.001 
  -0.113 
  -0.014 
   0.034 
  -0.070 
  -0.139 
   0.049 
  -0.153 
   0.018 
  -0.018 
  -0.041 
   0.020 
  -0.080 
   0.351 
  -0.200 
   0.127 
  -0.142 
  -0.075 
  -0.099 
   0.305 
  -0.089 
   0.953 
  -0.212 
  -0.367 
  -0.509 
   0.613 
  -0.349 
   0.104 
  -0.423 
   0.354 
  -0.117 
   0.120 
  -0.284 
  -0.113 
  -0.027 
   0.019 
  -0.093 
   0.093 
  -0.027 
   0.044 
  -0.188 
   0.011 
   0.049 
   0.016 
   0.241 
   0.008 
  -0.382 
   0.111 
   0.254 
  -0.134 
   0.082 
   0.057 
  -0.101 
   0.075 
  -0.087 
   0.068 
  -0.109 
  -0.113 
  -0.530 
   0.003 
   0.048 
  -0.045 
   0.317 
  -0.036 
  -0.210 
   0.000 
   0.111 
  -0.092 
  -0.019 
   0.010 
   0.092 
   0.152 
  -0.053 
   0.051 
   0.231 
   0.153 
  -0.031 
   0.107 
  -0.041 
   0.037 
  -0.282 
  -0.015 
   0.092 
  -0.114 
  -0.223 
   0.166 
   0.117 
   0.113 
  -0.059 
   0.244 
  -0.218 
   0.309 
  -0.251 
  -0.053 
  -0.285 
   0.235 
  -0.107 
   0.094 
  -0.163 
   0.013 
   0.008 
   0.172 
  -0.395 
   0.462 
  -0.052 
   0.048 
   0.411 
  -0.189 
  -0.161 
   0.109 
  -0.054 
  -0.120 
  -0.161 
   0.275 
  -0.036 
   0.141 
   0.396 
  -0.010 
  -0.082 
   0.190 
  -0.039 
  -0.134 
  -0.005 
   0.079 
  -0.219 
  -0.005 
   0.017 
  -0.031 
  -0.012 
  -0.029 
   0.404 
  -0.398 
   0.113 
  -0.051 
   0.156 
  -0.033 
   0.308 
  -0.424 
   0.128 
  -0.035 
   0.159 
   0.064 
   0.216 
  -0.051 
  -0.372 
   0.415 
   0.097 
   0.009 
   0.041 
   0.097 
  -0.004 
  -0.144 
  -0.188 
   0.048 
   0.150 
   0.101 
  -0.059 
   0.136 
  -0.016 
   0.142 
  -0.347 
   0.216 
   0.025 
   0.088 
  -0.385 
  -0.016 
  -0.342 
   0.171 
  -0.300 
   0.276 
   0.111 
  -0.025 
  -0.323 
   0.320 
   0.007 
  -0.155 
  -0.192 
   0.069 
  -0.442 
   0.106 
   0.606 
  -0.514 
   0.052 
   0.029 
  -0.118 
   0.042 
   0.003 
  -0.151 
  -0.084 
  -0.036 
  -0.067 
   0.080 
  -0.270 
   0.443 
   0.106 
  -0.092 
   0.005 
  -0.084 
   0.080 
  -0.166 
   0.257 
  -0.035 
  -0.379 
  -0.041 
   0.126 
  -0.266 
  -0.162 
  -0.037 
  -0.201 
   0.320 
   0.044 
   0.054 
   0.200 
   0.243 
  -0.562 
   0.401 
  -0.221 
   0.360 
   0.103 
   0.062 
   0.078 
   0.010 
  -0.652 
   0.714 
  -0.033 
  -0.089 
   0.138 
   0.010 
  -0.101 
  -0.111 
  -0.236 
  -0.068 
  -0.049 
   0.173 
  -0.145 
   0.164 
   0.026 
  -0.057 
  -0.487 
   0.081 
   0.090 
   0.002 
  -0.136 
   0.018 
   0.016 
  -0.023 
   0.002 
  -0.026 
   0.174 
  -0.733 
  -0.187 
  -0.353 
   0.974 
  -0.720 
   0.104 
  -0.073 
   0.331 
  -0.184 
  -0.029 
  -0.131 
  -0.085 
  -0.051 
   0.149 
  -0.023 
  -0.249 
   0.088 
  -0.020 
  -0.859 
  -0.120 
  -0.704 
  -0.023 
   0.003 
   0.074 
  -0.052 
   0.027 
  -0.047 
   0.071 
  -0.073 
   0.582 
  -0.477 
   0.192 
  -0.317 
  -0.282 
  -0.183 
  -0.354 
   0.067 
   0.076 
  -0.046 
  -0.126 
   0.088 
  -0.200 
   0.022 
  -0.239 
   0.183 
  -0.321 
   0.207 
  -0.694 
   0.549 
  -0.609 
   0.423 
  -0.070 
  -0.046 
  -0.279 
   0.245 
  -0.101 
   0.086 
   0.104 
  -0.081 
   0.492 
  -0.226 
   0.119 
  -0.135 
  -0.023 
  -0.173 
   0.040 
   0.166 
  -0.538 
   0.598 
   0.227 
   0.245 
   0.187 
  -0.127 
  -0.141 
   0.101 
  -0.014 
  -0.023 
  -0.023 
   0.150 
   0.020 
   0.074 
   0.160 
  -0.026 
   0.158 
  -0.184 
   0.076 
  -0.076 
  -0.098 
   0.066 
  -0.571 
   0.244 
  -0.257 
   0.315 
  -0.140 
  -0.099 
  -0.399 
   0.179 
  -0.264 
   0.355 
   0.008 
  -0.020 
   0.648 
  -0.561 
   0.202 
  -0.221 
   0.157 
   0.074 
   0.023 
  -0.111 
   0.184 
  -0.202 
   0.214 
  -0.017 
   0.458 
  -0.194 
   0.019 
  -0.156 
  -0.079 
   0.070 
  -0.163 
   0.007 
   0.111 
  -0.130 
  -0.415 
  -0.212 
   0.048 
   0.106 
  -0.149 
  -0.133 
   0.198 
  -0.096 
   0.103 
   0.035 
  -0.005 
   0.104 
  -0.097 
   0.098 
  -0.177 
   0.250 
  -0.082 
   0.027 
   0.136 
  -0.081 
  -0.315 
   0.227 
  -0.129 
   0.030 
  -0.148 
   0.095 
  -0.026 
  -0.116 
  -0.494 
  -0.156 
  -0.149 
   0.050 
  -0.879 
   0.614 
   0.581 
   0.227 
  -0.576 
   0.240 
  -0.010 
   0.018 
  -0.096 
   0.073 
   0.034 
  -0.040 
   0.155 
   0.186 
  -0.578 
   0.174 
   0.054 
   0.061 
  -0.044 
  -0.165 
   0.384 
  -0.190 
  -0.081 
  -0.029 
  -0.038 
  -0.714 
  -0.285 
  -0.504 
   1.154 
   0.173 
   0.079 
  -0.038 
   0.024 
   0.217 
  -0.336 
   0.003 
  -0.130 
   0.387 
   0.070 
   0.878 
  -0.294 
   0.161 
  -0.561 
   0.290 
  -0.631 
   0.521 
   0.268 
  -0.085 
  -0.218 
   0.120 
  -0.015 
  -0.000 
   0.035 
  -0.006 
   0.484 
  -0.051 
  -0.731 
   0.672 
  -0.137 
  -0.064 
   0.226 
  -0.038 
  -0.324 
   0.222 
   0.384 
   0.012 
  -0.540 
   0.405 
  -0.008 
   0.026 
   0.234 
  -0.055 
  -0.029 
   0.159 
  -0.183 
   0.060 
   0.131 
  -0.029 
  -0.182 
  -0.216 
   0.171 
  -0.159 
  -0.384 
   0.072 
  -0.544 
   0.356 
  -0.024 
  -0.170 
   0.104 
   0.025 
  -0.043 
   0.101 
  -0.064 
   0.086 
  -0.188 
  -0.006 
  -0.088 
   0.078 
   0.039 
  -0.057 
  -0.387 
   0.113 
  -0.430 
   0.361 
  -0.509 
   0.585 
  -0.252 
  -0.011 
  -0.484 
   0.489 
   0.013 
   0.084 
   0.083 
   0.214 
  -0.131 
   0.188 
   0.400 
  -0.041 
   0.324 
   0.190 
  -0.318 
  -0.233 
   0.062 
  -0.123 
  -0.049 
   0.060 
  -0.007 
   0.011 
  -0.090 
   0.025 
  -0.260 
   0.270 
  -0.008 
   0.009 
  -0.177 
  -0.120 
  -0.601 
   0.211 
   0.014 
   0.031 
  -0.046 
  -0.149 
   0.390 
  -0.231 
   0.072 
  -0.067 
  -0.252 
   0.091 
  -0.095 
   0.103 
  -0.109 
   0.115 
   0.028 
  -0.132 
   0.652 
  -0.462 
   0.242 
  -0.201 
   0.021 
  -0.809 
  -0.231 
  -0.521 
  -0.021 
  -0.095 
   0.379 
  -0.062 
  -0.089 
   0.069 
  -0.226 
  -0.022 
  -0.251 
   0.244 
  -0.634 
   0.572 
  -0.065 
   0.018 
   0.056 
   0.201 
   0.041 
  -0.027 
  -0.192 
  -0.070 
  -0.137 
  -0.078 
  -0.064 
   0.041 
  -0.258 
  -0.071 
  -0.171 
   0.219 
   0.118 
  -0.078 
   0.180 
   0.118 
  -0.204 
   0.395 
  -0.348 
   0.447 
   0.249 
   0.130 
   0.140 
  -0.312 
   0.351 
  -0.349 
   0.037 
   0.123 
  -0.374 
  -0.068 
   0.030 
   0.024 
   0.009 
  -0.112 
   0.208 
  -0.341 
   0.059 
  -0.061 
  -0.049 
  -0.145 
   0.376 
  -0.335 
  -0.122 
   0.278 
   0.055 
   0.011 
  -0.007 
   0.089 
  -0.007 
   0.030 
   0.141 
  -0.141 
   0.314 
  -0.253 
   0.130 
  -0.137 
   0.252 
  -0.060 
   0.385 
  -0.392 
   0.169 
  -0.194 
  -0.172 
  -0.096 
  -0.098 
   0.140 
   0.037 
  -0.129 
  -0.108 
   0.130 
  -0.142 
   0.159 
  -0.225 
   0.198 
  -0.095 
  -0.072 
   0.375 
  -0.184 
  -0.191 
   0.272 
  -0.202 
  -0.215 
   0.014 
   0.049 
   0.068 
   0.038 
  -0.601 
   0.381 
   0.034 
   0.098 
   0.130 
  -0.092 
   0.503 
  -0.236 
   0.004 
   0.045 
   0.192 
   0.036 
   0.229 
  -0.182 
  -0.048 
   0.005 
   0.021 
  -0.007 
  -0.084 
  -0.038 
   0.153 
  -0.289 
  -0.218 
   0.043 
  -0.125 
   0.146 
  -0.084 
   0.144 
   0.108 
  -0.061 
   0.105 
  -0.081 
   0.076 
   0.015 
   0.018 
   0.115 
   0.076 
   0.042 
  -0.273 
   0.230 
  -0.306 
  -0.027 
   0.192 
  -0.021 
  -0.231 
   0.190 
   0.003 
  -0.140 
  -0.337 
   0.111 
   0.030 
   0.075 
   0.189 
  -0.143 
  -0.675 
   0.340 
   0.174 
  -0.406 
   0.110 
   0.392 
  -0.364 
   0.123 
  -0.019 
   0.229 
  -0.265 
   0.064 
  -0.083 
   0.085 
  -0.050 
  -0.226 
   0.030 
   0.158 
  -0.156 
   0.053 
  -0.043 
  -0.292 
   0.037 
   0.134 
  -0.109 
  -0.206 
  -0.289 
   0.541 
  -0.114 
   0.994 
  -0.095 
  -0.013 
  -0.102 
   0.085 
   0.012 
   0.058 
  -0.083 
   0.037 
   0.195 
  -0.029 
  -0.204 
   0.139 
   0.050 
  -0.107 
  -0.342 
   0.227 
  -0.177 
   0.269 
   0.071 
  -0.028 
   0.258 
  -0.044 
  -0.003 
  -0.141 
  -0.274 
  -0.072 
  -0.184 
  -0.004 
  -0.116 
   0.133 
  -0.320 
   0.035 
  -0.476 
   0.484 
  -0.039 
   0.125 
  -0.447 
   0.033 
  -0.517 
   0.356 
  -0.024 
  -0.040 
  -0.013 
   0.040 
  -0.093 
   0.016 
  -0.034 
   0.078 
  -0.203 
  -0.005 
   0.136 
  -0.156 
  -0.015 
  -0.003 
  -0.338 
   0.219 
  -0.591 
   0.308 
  -0.364 
   0.277 
  -0.031 
  -0.112 
  -0.067 
  -0.276 
   0.108 
  -0.101 
  -0.171 
  -0.152 
   0.244 
  -0.034 
   0.031 
   0.047 
   0.316 
   0.021 
  -0.502 
   0.366 
   0.078 
  -0.060 
  -0.050 
   0.092 
  -0.043 
   0.214 
  -0.147 
   0.118 
   0.330 
  -0.097 
   0.113 
  -0.137 
   0.674 
   0.149 
   0.007 
  -0.199 
  -0.036 
   0.151 
  -0.144 
  -0.213 
   0.187 
  -0.762 
   0.462 
  -0.115 
   0.147 
   0.079 
  -0.074 
   0.061 
  -0.040 
   0.099 
  -0.226 
   0.047 
  -0.072 
  -0.232 
  -0.139 
  -0.608 
   0.556 
   0.282 
  -0.072 
   0.739 
  -0.510 
   0.134 
  -0.280 
  -0.088 
   0.048 
  -0.263 
   0.198 
  -0.079 
   0.146 
  -0.153 
  -0.057 
   0.482 
  -0.238 
   0.081 
   0.007 
   0.224 
   0.019 
  -0.359 
   0.106 
   0.018 
   0.086 
   0.060 
  -0.028 
   0.240 
  -0.234 
   0.034 
  -0.027 
  -0.146 
   0.052 
  -0.294 
   0.242 
  -0.036 
   0.087 
   0.044 
   0.123 
   0.067 
   0.020 
  -0.038 
   0.048 
   0.092 
  -0.223 
   0.236 
  -0.385 
   0.106 
  -0.194 
  -0.138 
  -0.044 
   0.224 
  -0.162 
   0.022 
  -0.011 
  -0.082 
   0.092 
   0.198 
   0.020 
  -0.227 
   0.297 
  -0.186 
  -0.176 
  -0.075 
  -0.004 
   0.064 
  -0.042 
  -0.239 
  -0.249 
   0.348 
  -0.492 
   0.282 
  -0.113 
   0.386 
  -0.259 
   0.145 
  -0.670 
   0.753 
  -0.840 
   0.128 
  -0.147 
   0.255 
  -0.185 
  -0.082 
   0.141 
  -0.006 
   0.072 
  -0.311 
   0.020 
  -0.035 
  -0.180 
  -0.023 
  -0.176 
   0.401 
  -0.479 
   0.360 
  -0.227 
   0.143 
   0.167 
  -0.058 
  -0.024 
   0.290 
  -0.421 
   0.180 
  -0.529 
  -0.452 
   0.232 
  -0.060 
   0.298 
  -0.446 
   0.250 
  -0.244 
   0.019 
  -0.134 
  -0.096 
  -0.268 
   0.123 
  -0.097 
   0.068 
  -0.042 
  -0.500 
   0.399 
  -0.042 
   0.142 
   0.144 
   0.010 
   0.213 
   0.025 
  -0.051 
   0.048 
  -0.067 
  -0.011 
   0.082 
  -0.015 
   0.029 
  -0.023 
  -0.181 
   0.044 
   0.061 
  -0.081 
  -0.095 
   0.053 
  -0.264 
  -0.073 
  -0.072 
   0.058 
  -0.038 
   0.025 
  -0.089 
  -0.003 
   0.375 
  -0.070 
   0.032 
  -0.062 
   0.152 
  -0.111 
  -0.159 
   0.169 
  -0.019 
  -0.130 
  -0.250 
  -0.122 
   0.090 
  -0.192 
  -0.068 
   0.166 
   0.064 
  -0.195 
   0.374 
  -0.436 
   0.142 
  -0.094 
  -0.213 
   0.026 
  -0.384 
   0.164 
   0.008 
  -0.023 
  -0.066 
  -0.295 
   0.688 
  -0.639 
   0.283 
  -0.202 
  -0.428 
  -0.051 
  -0.507 
   0.376 
  -0.141 
   0.261 
   0.186 
  -0.142 
   0.524 
  -0.652 
   0.273 
  -0.249 
  -0.340 
  -0.046 
  -0.036 
   0.069 
   0.022 
   0.002 
  -0.145 
  -0.362 
  -0.638 
   0.040 
   0.888 
  -0.760 
  -0.378 
  -0.134 
  -0.040 
  -0.269 
   0.064 
   0.028 
  -0.496 
  -0.122 
  -0.111 
   0.087 
  -0.037 
   0.019 
   0.100 
   0.032 
   0.110 
   0.218 
  -0.070 
   0.037 
  -0.050 
   0.023 
  -0.084 
   0.071 
  -0.033 
   0.110 
  -0.210 
  -0.138 
  -0.357 
   0.107 
   0.028 
  -0.023 
   0.004 
   0.151 
  -0.075 
   0.287 
  -0.095 
   0.179 
   0.313 
   0.168 
  -0.239 
   0.314 
  -0.305 
   0.277 
  -0.248 
   0.100 
  -0.095 
   0.097 
  -0.059 
   0.063 
   0.162 
   0.024 
   0.077 
  -0.121 
  -0.129 
   0.015 
  -0.001 
  -0.158 
  -0.213 
   0.142 
  -0.105 
   0.219 
  -0.006 
  -0.061 
   0.037 
   0.075 
  -0.324 
   0.215 
   0.284 
  -0.025 
  -0.263 
   0.032 
   0.127 
  -0.115 
   0.097 
   0.285 
   0.043 
  -0.076 
   0.466 
  -0.431 
   0.011 
  -0.017 
  -0.096 
   0.052 
   0.049 
  -0.067 
   0.127 
  -0.023 
   0.329 
  -0.483 
   0.117 
  -0.134 
  -0.236 
  -0.039 
  -0.109 
   0.189 
   0.061 
  -0.230 
   0.021 
   0.026 
   0.113 
  -0.030 
  -0.009 
  -0.032 
   0.110 
  -0.099 
  -0.244 
   0.332 
  -0.406 
   0.324 
   0.032 
  -0.140 
   0.155 
  -0.195 
   0.028 
   0.070 
   0.002 
  -0.175 
   1.016 
   0.412 
  -0.333 
  -0.002 
  -0.065 
  -0.108 
   0.019 
   0.105 
  -0.003 
  -0.067 
  -0.042 
   0.060 
   0.063 
  -0.239 
   0.382 
  -0.141 
  -0.048 
  -0.115 
   0.175 
  -0.081 
   0.157 
   0.032 
  -0.136 
  -0.443 
   0.060 
   0.023 
  -0.131 
  -0.083 
  -0.057 
   0.499 
  -0.410 
   0.108 
  -0.045 
  -0.067 
  -0.192 
   0.346 
  -0.236 
   0.054 
  -0.003 
  -0.010 
  -0.017 
  -0.507 
   0.063 
  -0.002 
   0.091 
  -0.036 
  -0.263 
   0.212 
  -0.021 
   0.154 
   0.012 
  -0.260 
   0.096 
   0.070 
  -0.094 
  -0.244 
  -0.145 
   0.093 
   0.005 
   0.243 
  -0.091 
   0.279 
  -0.418 
   0.126 
  -0.275 
  -0.442 
  -0.212 
  -0.092 
   0.161 
   0.034 
   0.115 
   0.119 
   0.047 
  -0.049 
  -0.039 
   0.357 
  -0.323 
  -0.223 
   0.111 
  -0.056 
   0.235 
  -0.061 
   0.045 
  -0.057 
  -0.035 
  -0.733 
   0.190 
   0.096 
   0.014 
  -0.141 
  -0.017 
  -0.027 
   0.132 
   0.058 
  -0.035 
   0.025 
   0.097 
  -0.105 
   0.115 
  -0.080 
   0.053 
   0.205 
   0.304 
  -0.007 
   0.052 
   0.461 
  -0.422 
  -0.024 
   0.083 
  -0.085 
   0.092 
  -0.264 
   0.320 
   0.262 
   0.172 
  -0.451 
   0.137 
   0.165 
  -0.151 
   0.151 
  -0.099 
   0.270 
  -0.140 
  -0.047 
   0.030 
  -0.193 
  -0.007 
  -0.780 
   0.266 
   0.028 
   0.044 
   0.158 
   0.124 
   0.456 
  -0.118 
   0.069 
  -0.093 
  -0.138 
   0.037 
  -0.643 
   0.422 
   0.019 
  -0.008 
  -0.106 
  -0.013 
  -0.359 
  -0.032 
   0.156 
  -0.015 
   0.435 
   0.016 
  -0.128 
   0.335 
  -0.151 
   0.000 
  -0.194 
  -0.018 
  -0.523 
   0.214 
   0.067 
   0.015 
  -0.492 
  -0.271 
  -0.220 
   0.094 
   1.082 
   0.098 
  -0.014 
  -0.213 
   0.310 
   0.067 
  -0.052 
  -0.004 
  -0.075 
  -0.407 
  -0.109 
   0.176 
  -0.060 
  -0.360 
  -0.159 
  -0.038 
   0.116 
  -0.844 
   0.608 
  -0.081 
   0.145 
   0.397 
  -0.179 
   0.183 
  -0.217 
  -0.116 
   0.056 
   0.142 
   0.035 
   0.122 
  -0.146 
   0.193 
  -0.066 
  -0.222 
  -0.077 
  -0.111 
   0.023 
  -0.342 
   0.003 
  -0.268 
  -0.000 
  -0.206 
   0.115 
   0.133 
  -0.115 
  -0.125 
  -0.064 
   0.055 
  -0.032 
  -0.134 
  -0.104 
   0.025 
  -0.143 
   0.143 
  -0.133 
   0.019 
  -0.167 
  -0.319 
  -0.062 
  -0.023 
   0.112 
   0.094 
  -0.208 
   0.764 
  -0.852 
   0.290 
  -0.151 
  -0.136 
  -0.110 
   0.317 
  -0.211 
  -0.049 
  -0.104 
  -0.147 
  -0.201 
  -0.512 
  -0.062 
   0.076 
  -0.028 
  -0.002 
  -0.086 
   0.060 
   0.007 
  -0.048 
   0.056 
  -0.140 
   0.030 
  -0.084 
   0.191 
  -0.046 
   0.052 
  -0.165 
   0.079 
   0.233 
   0.151 
  -0.179 
   0.253 
  -0.081 
   0.042 
  -0.029 
   0.251 
  -0.189 
   0.273 
  -0.038 
   0.018 
  -0.092 
   0.278 
  -0.084 
  -0.050 
  -0.136 
  -0.097 
   0.098 
  -0.061 
  -0.002 
  -0.012 
   0.268 
  -0.071 
   0.340 
  -0.389 
   0.137 
  -0.048 
  -0.021 
  -0.197 
   0.022 
  -0.227 
   0.196 
  -0.146 
   0.239 
   0.129 
   0.107 
   0.163 
  -0.266 
   0.366 
  -0.029 
  -0.017 
   0.509 
  -0.213 
   0.073 
  -0.090 
  -0.109 
   0.218 
   0.288 
  -0.132 
  -0.234 
   0.255 
   0.068 
  -0.064 
  -0.128 
  -0.081 
   0.183 
  -0.172 
   0.002 
  -0.027 
  -0.174 
   0.241 
  -0.076 
   0.152 
   0.116 
   0.150 
   0.036 
   0.025 
   0.075 
  -0.071 
   0.134 
  -0.051 
  -0.347 
   0.130 
   0.096 
   0.024 
  -0.243 
   0.073 
  -0.233 
   0.111 
  -0.085 
   0.011 
   0.238 
  -0.189 
  -0.629 
   0.299 
  -0.028 
  -0.220 
  -0.014 
   0.146 
  -0.130 
  -0.046 
   0.012 
   0.172 
   0.063 
  -0.082 
   0.074 
  -0.037 
   0.123 
  -0.013 
  -0.044 
  -0.149 
   0.100 
   0.228 
  -0.378 
  -0.266 
  -0.228 
   1.149 
  -0.104 
  -0.050 
  -0.090 
   0.276 
  -0.356 
   0.403 
   0.025 
   0.143 
  -0.186 
   0.244 
  -0.148 
   0.229 
  -0.182 
  -0.090 
   0.078 
  -0.002 
  -0.063 
   0.061 
  -0.016 
  -0.075 
   0.175 
  -0.097 
  -0.027 
   0.004 
   0.121 
  -0.203 
   1.088 
   0.351 
  -0.421 
  -0.404 
  -0.317 
   0.065 
  -0.016 
  -0.006 
  -0.293 
   0.448 
  -0.282 
   0.159 
   0.062 
   0.050 
   0.236 
  -0.785 
   0.863 
  -0.019 
  -0.159 
   0.515 
  -0.315 
   0.067 
  -0.046 
  -0.025 
   0.228 
   0.195 
  -0.219 
   0.202 
  -0.139 
  -0.233 
  -0.097 
  -0.312 
   0.106 
  -0.024 
   0.020 
  -0.262 
   0.086 
  -0.082 
   0.163 
  -0.209 
   0.156 
   0.062 
   0.132 
   0.142 
  -0.105 
   0.010 
  -0.038 
   0.167 
   0.107 
  -0.296 
  -0.171 
   0.422 
  -0.330 
   0.092 
  -0.036 
   0.371 
  -0.101 
  -0.066 
  -0.124 
   0.076 
   0.024 
  -0.034 
   0.088 
  -0.067 
   0.087 
  -0.098 
   0.035 
   0.066 
  -0.063 
   0.049 
   0.037 
   0.100 
  -0.038 
  -0.068 
   0.149 
   0.050 
  -0.179 
   0.015 
   0.111 
   0.062 
   0.308 
  -0.182 
   0.264 
   0.428 
   0.136 
  -0.524 
  -0.605 
  -0.086 
  -0.048 
   0.053 
   0.071 
  -0.279 
   0.451 
   0.173 
  -0.036 
   0.236 
  -0.260 
   0.076 
  -0.048 
  -0.039 
   0.020 
  -0.419 
   0.370 
   0.008 
   0.099 
  -0.260 
  -0.069 
   0.147 
  -0.127 
  -0.407 
   0.285 
  -0.110 
  -0.201 
  -0.475 
  -0.110 
   0.076 
   0.040 
  -0.199 
  -0.045 
   0.077 
   0.147 
   0.026 
   0.006 
   0.033 
  -0.197 
  -0.514 
   0.068 
  -0.036 
   0.044 
  -0.039 
   0.059 
  -0.070 
   0.273 
  -0.427 
   0.130 
  -0.398 
   0.984 
  -0.834 
   0.064 
  -0.096 
  -0.229 
   0.324 
  -0.400 
   0.326 
  -0.013 
   0.131 
  -0.349 
   0.232 
   0.091 
  -0.018 
   0.239 
  -0.036 
   0.336 
  -0.287 
   0.104 
  -0.016 
  -0.039 
  -0.058 
   0.044 
  -0.085 
  -0.173 
   0.024 
  -0.025 
  -0.186 
   0.284 
  -0.305 
   0.136 
  -0.006 
  -0.007 
   0.172 
   0.121 
  -0.083 
   0.248 
  -0.215 
  -0.234 
  -0.152 
  -0.596 
   0.488 
  -0.669 
   0.668 
  -0.167 
  -0.094 
  -0.250 
   0.142 
   1.254 
  -0.158 
   0.111 
  -0.101 
  -0.105 
   0.244 
  -0.170 
  -0.160 
  -0.204 
   0.634 
  -0.360 
   0.682 
  -0.206 
  -0.163 
   0.034 
   0.034 
   0.898 
  -0.234 
  -0.110 
   0.060 
  -0.117 
  -0.110 
  -0.037 
  -0.069 
   0.096 
   0.354 
  -0.179 
   0.152 
  -0.157 
   0.471 
  -0.796 
  -0.720 
  -0.716 
   0.040 
   0.012 
  -0.012 
   0.084 
   0.022 
  -0.011 
  -0.065 
  -0.123 
   0.042 
   0.056 
  -0.043 
   0.101 
  -0.181 
  -0.140 
  -0.047 
  -0.088 
  -0.002 
   0.017 
  -0.080 
  -0.067 
   0.303 
  -0.201 
   0.038 
  -0.196 
   0.204 
  -0.027 
  -0.304 
  -0.135 
   0.145 
  -0.059 
   0.079 
   0.016 
  -0.125 
   0.082 
   0.047 
  -0.183 
   0.094 
   0.021 
   0.139 
  -0.075 
   0.006 
  -0.032 
   0.033 
   0.016 
   0.186 
  -0.062 
   0.118 
  -0.320 
   0.135 
  -0.107 
   0.081 
  -0.179 
   0.149 
  -0.243 
   0.267 
  -0.005 
  -0.231 
  -0.221 
   0.292 
  -0.237 
   0.470 
  -0.144 
  -0.281 
   0.334 
  -0.022 
  -0.196 
   0.134 
  -0.122 
   0.563 
  -0.667 
   0.318 
  -0.194 
   0.049 
   0.018 
   0.080 
   0.038 
  -0.009 
   0.079 
  -0.414 
  -0.118 
  -0.379 
   0.167 
  -0.177 
   0.239 
  -0.011 
  -0.095 
   0.104 
  -0.056 
   0.112 
  -0.013 
  -0.269 
  -0.135 
   0.353 
  -0.198 
   0.003 
  -0.020 
  -0.104 
   0.035 
  -0.277 
   0.338 
  -0.019 
   0.115 
  -0.205 
   0.017 
  -0.313 
   0.156 
  -0.042 
   0.140 
   0.090 
   0.163 
   0.294 
  -0.096 
   0.147 
  -0.131 
   0.200 
  -0.004 
   0.070 
  -0.124 
   0.084 
  -0.085 
   0.068 
  -0.087 
   0.162 
  -0.153 
  -0.057 
  -0.108 
   0.057 
  -0.137 
   0.319 
  -0.420 
   0.135 
  -0.123 
   0.255 
  -0.002 
  -0.201 
  -0.019 
   0.117 
  -0.112 
   0.081 
   0.041 
   0.173 
  -0.164 
  -0.104 
   0.066 
  -0.091 
   0.084 
  -0.158 
   0.144 
  -0.164 
   0.200 
  -0.071 
   0.147 
  -0.124 
   0.116 
  -0.063 
   0.130 
  -0.146 
  -0.098 
   0.385 
  -0.161 
   0.008 
   0.003 
  -0.164 
  -0.120 
   0.061 
  -0.110 
  -0.081 
   0.104 
  -0.079 
  -0.152 
   0.013 
   0.014 
   0.028 
   0.067 
  -0.249 
  -0.067 
   0.448 
  -0.017 
   0.152 
  -0.231 
  -0.048 
  -0.317 
   0.170 
   0.079 
  -0.004 
  -0.123 
  -0.184 
   0.271 
   0.039 
   0.064 
   0.089 
   0.171 
  -0.073 
   0.274 
  -0.222 
  -0.613 
   0.558 
  -0.142 
  -0.017 
   0.005 
  -0.035 
   0.032 
   0.028 
   0.173 
  -0.154 
  -0.100 
  -0.333 
   0.125 
  -0.103 
   0.263 
   0.197 
  -0.426 
   0.273 
   0.356 
  -0.210 
   0.247 
   0.113 
   0.190 
  -0.349 
   0.417 
  -0.319 
  -0.034 
   0.077 
   0.326 
   0.034 
  -0.194 
   0.271 
  -0.079 
  -0.023 
   0.355 
  -0.150 
   0.064 
  -0.083 
   0.019 
  -0.138 
   0.009 
   0.057 
  -0.096 
   0.032 
  -0.151 
   0.091 
  -0.050 
   0.217 
  -0.176 
   0.238 
   0.179 
   0.042 
   0.122 
  -0.027 
   0.523 
  -0.419 
  -0.072 
  -0.035 
   0.045 
  -0.086 
  -0.280 
   0.308 
  -0.391 
  -0.007 
   0.138 
  -0.129 
  -0.375 
   0.405 
  -0.005 
   0.144 
  -0.125 
   0.149 
   0.010 
  -0.010 
  -0.295 
  -0.022 
  -0.248 
   0.446 
  -0.309 
   0.362 
   0.116 
  -0.015 
   0.179 
  -0.278 
   0.122 
  -0.127 
  -0.077 
  -0.045 
  -0.064 
   0.162 
  -0.238 
   0.335 
   0.028 
   0.118 
  -0.051 
   0.149 
  -0.247 
   0.256 
   0.180 
   0.188 
  -0.550 
   0.196 
   0.094 
  -0.010 
  -0.184 
   0.011 
   0.096 
  -0.006 
  -0.012 
  -0.164 
  -0.012 
  -0.047 
   0.045 
   0.071 
  -0.146 
   0.053 
   0.154 
  -0.089 
   0.763 
  -0.641 
   0.150 
  -0.156 
  -0.189 
   0.064 
  -0.349 
   0.203 
  -0.264 
   0.299 
   0.051 
  -0.029 
  -0.072 
   0.121 
   0.009 
   0.006 
  -0.264 
  -0.145 
  -0.255 
   0.122 
   0.007 
   0.039 
   0.090 
   0.014 
  -0.140 
  -0.245 
   0.143 
  -0.070 
  -0.099 
   0.131 
  -0.303 
   0.258 
  -0.194 
   0.242 
  -0.021 
  -0.100 
   0.707 
  -0.551 
   0.114 
  -0.234 
   0.180 
  -0.065 
   0.142 
  -0.111 
   0.106 
   0.003 
  -0.125 
   0.042 
   0.409 
  -0.093 
  -0.378 
   0.336 
   0.336 
  -0.014 
   0.364 
  -0.355 
   0.078 
  -0.217 
   0.009 
  -0.016 
   0.120 
  -0.104 
   0.072 
  -0.111 
  -0.084 
  -0.065 
  -0.782 
   0.198 
  -0.035 
   0.087 
  -0.021 
  -0.083 
  -0.150 
   0.228 
  -0.112 
   0.119 
   0.011 
  -0.026 
   0.142 
  -0.011 
  -0.025 
  -0.153 
  -0.053 
   0.014 
   0.157 
  -0.118 
  -0.160 
   0.188 
  -0.153 
  -0.094 
   0.189 
  -0.077 
   0.059 
  -0.037 
   0.238 
  -0.056 
  -0.274 
   0.035 
   0.100 
  -0.090 
  -0.015 
  -0.289 
   0.950 
  -0.824 
   0.301 
  -0.238 
   0.120 
   0.073 
   0.106 
   0.062 
  -0.216 
   0.280 
   0.163 
   0.039 
   0.420 
  -0.290 
  -0.666 
   0.706 
   0.329 
  -0.194 
   0.197 
  -0.153 
  -0.219 
   0.057 
  -0.066 
   0.046 
  -0.550 
   0.551 
  -0.111 
   0.171 
  -0.099 
  -0.243 
   0.352 
  -0.552 
   0.239 
  -0.172 
   0.252 
  -0.032 
  -0.257 
   0.016 
   0.088 
   0.016 
  -0.071 
   0.048 
  -0.070 
   0.331 
  -0.429 
   0.379 
   0.064 
   0.001 
  -0.496 
   0.218 
   0.047 
  -0.024 
   0.140 
  -0.707 
   0.081 
  -0.680 
   1.178 
  -0.086 
  -0.189 
  -0.089 
  -0.173 
   0.126 
  -0.202 
   0.242 
  -0.071 
   0.304 
  -0.198 
  -0.048 
   0.139 
  -0.341 
  -0.263 
   0.163 
   0.079 
  -0.110 
  -0.501 
   0.541 
  -0.802 
   1.081 
  -0.832 
   0.022 
  -0.015 
   0.488 
  -0.376 
   0.196 
  -0.215 
   0.017 
   0.008 
  -0.145 
   0.209 
  -0.108 
   0.191 
  -0.242 
  -0.201 
  -0.007 
  -0.232 
   0.163 
  -0.114 
  -0.010 
  -0.781 
  -0.361 
  -0.328 
   0.251 
  -0.040 
  -0.149 
   0.351 
  -0.484 
   0.363 
  -0.224 
  -0.007 
   0.110 
   0.056 
   0.031 
  -0.159 
   0.009 
   0.028 
  -0.030 
   0.196 
  -0.007 
  -0.003 
   0.062 
  -0.075 
   0.192 
  -0.273 
   0.045 
  -0.048 
   0.263 
   0.269 
   0.266 
  -0.254 
   0.353 
  -0.468 
  -0.173 
  -0.128 
  -0.318 
   0.337 
  -0.573 
   0.583 
   0.125 
   0.127 
   0.138 
   0.053 
   0.063 
  -0.057 
  -0.312 
  -0.088 
  -0.696 
   0.289 
  -0.045 
   0.099 
  -0.085 
  -0.003 
  -0.117 
   0.179 
  -0.098 
   0.173 
  -0.162 
  -0.021 
   0.337 
  -0.092 
   0.022 
   0.050 
  -0.146 
  -0.148 
   0.074 
   0.079 
  -0.014 
   0.140 
  -0.035 
  -0.096 
   0.094 
  -0.068 
  -0.000 
   0.004 
  -0.118 
  -0.005 
  -0.018 
   0.198 
  -0.263 
   0.221 
  -0.233 
   0.027 
  -0.262 
   0.302 
   0.001 
   0.083 
   0.015 
  -0.029 
  -0.066 
   0.028 
   0.025 
  -0.026 
   0.110 
  -0.159 
   0.088 
  -0.135 
  -0.320 
   0.186 
  -0.017 
  -0.036 
   0.316 
  -0.418 
   0.122 
  -0.166 
  -0.233 
  -0.099 
  -0.265 
   0.157 
  -0.067 
   0.197 
   0.312 
  -0.474 
   0.134 
  -0.443 
   1.065 
   0.245 
   0.356 
   0.130 
  -0.018 
   0.720 
  -0.721 
   0.115 
  -0.044 
  -0.026 
   0.016 
   0.112 
  -0.116 
  -0.068 
   0.040 
  -0.114 
  -0.009 
   0.066 
  -0.056 
  -0.261 
  -0.038 
   0.212 
  -0.119 
  -0.002 
   0.089 
   0.379 
   0.280 
  -0.500 
   0.426 
  -0.019 
   0.076 
  -0.249 
  -0.019 
  -0.071 
   0.155 
  -0.247 
   0.331 
  -0.146 
  -0.007 
   0.194 
  -0.008 
   0.002 
  -0.003 
   0.084 
  -0.035 
   0.039 
  -0.093 
   0.127 
  -0.128 
   0.279 
   0.143 
   0.197 
  -0.077 
   0.039 
  -0.052 
   0.024 
  -0.030 
  -0.098 
   0.201 
  -0.328 
   0.267 
  -0.053 
  -0.011 
  -0.412 
   0.259 
   0.030 
   0.084 
  -0.220 
  -0.091 
  -0.776 
   0.197 
  -0.038 
   0.101 
  -0.113 
   0.034 
  -0.355 
   0.281 
   0.022 
  -0.167 
   0.168 
  -0.075 
   0.105 
  -0.090 
   0.107 
  -0.127 
   0.284 
  -0.107 
   0.492 
  -0.537 
   0.270 
  -0.227 
  -0.043 
   0.134 
  -0.003 
   0.011 
  -0.088 
   0.060 
  -0.207 
  -0.119 
  -0.392 
   0.166 
   0.811 
  -0.026 
  -0.121 
   0.081 
   0.012 
  -0.087 
   0.217 
   0.225 
  -0.062 
  -0.229 
   0.145 
  -0.022 
   0.026 
   0.094 
   0.024 
   0.085 
   0.065 
  -0.002 
  -0.019 
  -0.237 
  -0.030 
  -0.024 
   0.142 
  -0.245 
   0.337 
   0.312 
   0.067 
   0.321 
  -0.175 
   0.361 
  -0.374 
   0.061 
  -0.018 
  -0.500 
   0.158 
   0.008 
   0.083 
   0.142 
   0.002 
  -0.029 
  -0.563 
   0.310 
  -0.261 
  -0.002 
  -0.117 
  -0.049 
  -0.013 
   0.027 
  -0.006 
   0.061 
   0.023 
   0.119 
  -0.102 
   0.057 
  -0.095 
   0.136 
  -0.028 
   0.426 
  -0.156 
   0.081 
  -0.099 
  -0.167 
  -0.061 
  -0.067 
   0.040 
   0.042 
  -0.059 
  -0.172 
  -0.092 
  -0.476 
   0.317 
   0.014 
   0.095 
  -0.337 
  -0.110 
  -0.190 
   0.218 
  -0.348 
   0.253 
  -0.074 
  -0.117 
   0.155 
   0.007 
   0.013 
  -0.021 
   0.041 
  -0.078 
  -0.182 
  -0.029 
   0.114 
  -0.203 
   0.145 
   0.031 
  -0.304 
   0.202 
   0.049 
  -0.052 
  -0.345 
  -0.039 
   0.096 
  -0.032 
  -0.049 
   0.093 
  -0.127 
   0.006 
  -0.027 
   0.036 
  -0.354 
   0.416 
  -0.144 
  -0.087 
   0.026 
   0.266 
  -0.180 
  -0.095 
   0.116 
  -0.055 
   0.518 
  -0.269 
   0.089 
  -0.078 
  -0.190 
  -0.016 
   0.163 
   0.014 
  -0.084 
   0.128 
   0.208 
  -0.024 
   0.233 
  -0.026 
  -0.014 
  -0.093 
   0.173 
  -0.544 
  -0.288 
  -0.517 
  -0.022 
  -0.033 
  -0.123 
   0.080 
  -0.058 
   0.110 
   0.046 
  -0.134 
  -0.431 
   0.102 
  -0.066 
   0.161 
   0.124 
  -0.599 
  -0.191 
  -0.298 
   1.126 
  -0.867 
  -0.200 
  -0.075 
   0.222 
   0.004 
  -0.413 
   0.303 
   0.307 
  -0.041 
   0.422 
  -0.426 
   0.115 
  -0.240 
  -0.110 
  -0.126 
  -0.099 
   0.155 
  -0.070 
  -0.049 
   0.149 
   0.063 
   0.194 
  -0.227 
  -0.021 
  -0.012 
   0.167 
   0.034 
   0.303 
  -0.238 
  -0.738 
   0.752 
  -0.011 
  -0.035 
  -0.204 
   0.266 
   0.076 
  -0.066 
  -0.119 
   0.000 
  -0.260 
   0.198 
  -0.035 
   0.110 
   0.183 
  -0.058 
  -0.558 
   0.293 
  -0.068 
   0.106 
   0.198 
   0.123 
  -0.029 
  -0.095 
   0.418 
  -0.314 
  -0.046 
   0.038 
  -0.092 
   0.084 
   0.045 
  -0.045 
  -0.075 
   0.127 
  -0.174 
   0.130 
  -0.132 
  -0.041 
  -0.206 
  -0.009 
  -0.247 
   0.104 
  -0.202 
  -0.004 
   0.015 
  -0.148 
  -0.373 
   0.035 
   0.044 
  -0.014 
  -0.061 
  -0.054 
  -0.146 
  -0.027 
   0.127 
  -0.104 
  -0.161 
  -0.010 
   0.152 
   0.061 
   0.035 
  -0.038 
  -0.085 
  -0.113 
   0.189 
  -0.484 
   0.235 
  -0.233 
  -0.326 
   0.003 
  -0.586 
   0.381 
   0.003 
   0.122 
   0.167 
   0.030 
   0.065 
  -0.074 
  -0.025 
  -0.006 
   0.027 
   0.157 
  -0.648 
   0.502 
   0.336 
  -0.425 
  -0.091 
   0.208 
   0.317 
  -0.089 
  -0.061 
  -0.109 
   0.159 
  -0.153 
   0.091 
  -0.144 
   0.013 
  -0.146 
   0.108 
   0.102 
   0.401 
  -0.110 
  -0.089 
   0.044 
   0.109 
  -0.003 
  -0.330 
  -0.088 
   0.120 
  -0.043 
   0.087 
  -0.106 
  -0.154 
   0.185 
   1.079 
   0.015 
  -0.083 
  -0.174 
  -0.043 
   0.104 
  -0.191 
  -0.032 
   0.057 
  -0.273 
   0.197 
  -0.055 
   0.177 
   0.241 
   0.024 
  -0.054 
   0.159 
  -0.013 
  -0.153 
  -0.109 
   0.043 
  -0.265 
   0.292 
  -0.065 
   0.146 
   0.110 
   0.065 
   0.111 
  -0.171 
   0.279 
  -0.202 
  -0.201 
  -0.168 
   0.408 
  -0.178 
   0.009 
   0.005 
   0.151 
   0.041 
   0.382 
  -0.259 
   0.364 
  -0.481 
   0.076 
  -0.016 
   0.012 
   0.079 
  -0.310 
   0.200 
   0.169 
   0.035 
  -0.025 
   0.149 
  -0.017 
   0.003 
  -0.063 
  -0.052 
  -0.095 
  -0.057 
   0.067 
  -0.061 
  -0.190 
  -0.293 
   0.506 
  -0.486 
   0.284 
  -0.192 
   0.084 
   0.065 
  -0.143 
   0.178 
   0.014 
   0.095 
   0.161 
  -0.106 
  -0.062 
   0.024 
   0.087 
  -0.223 
   0.053 
  -0.091 
   0.383 
  -0.443 
   0.163 
  -0.176 
   0.050 
   0.121 
   0.052 
  -0.035 
   0.106 
  -0.083 
   0.371 
   0.001 
  -0.298 
   0.164 
   0.027 
  -0.133 
   0.166 
  -0.015 
  -0.092 
   0.291 
  -0.266 
   0.352 
   0.107 
   0.042 
  -0.006 
  -0.143 
   0.611 
  -0.514 
  -0.142 
  -0.024 
   0.309 
  -0.163 
  -0.122 
   0.181 
  -0.144 
  -0.007 
  -0.005 
  -0.120 
   0.037 
   0.034 
   0.076 
  -0.068 
   0.738 
  -0.494 
   0.146 
  -0.082 
  -0.074 
  -0.036 
  -0.156 
   0.103 
   0.015 
  -0.163 
  -0.137 
  -0.041 
  -0.248 
   0.180 
  -0.258 
   0.318 
   0.101 
  -0.252 
  -0.155 
  -0.237 
   0.143 
  -0.085 
  -0.195 
   0.017 
  -0.094 
   0.167 
  -0.072 
   0.174 
   0.141 
  -0.132 
   0.459 
  -0.470 
   0.089 
  -0.094 
   0.124 
   0.014 
   0.273 
  -0.039 
   0.134 
  -0.281 
   0.167 
  -0.029 
  -0.358 
  -0.055 
   0.160 
  -0.158 
   0.109 
   0.066 
   0.488 
  -0.140 
  -0.083 
   0.063 
  -0.272 
  -0.032 
  -0.208 
   0.088 
   0.108 
  -0.130 
  -0.071 
   0.134 
  -0.281 
   0.314 
  -0.175 
   0.191 
   0.015 
  -0.061 
   0.405 
  -0.425 
   0.146 
  -0.136 
   0.011 
  -0.116 
  -0.560 
   0.320 
  -0.042 
  -0.060 
  -0.190 
   0.053 
  -0.695 
   0.398 
   0.026 
   0.047 
  -0.098 
  -0.066 
  -0.086 
   0.018 
   0.038 
   0.010 
  -0.209 
  -0.055 
  -0.258 
   0.243 
  -0.086 
   0.068 
  -0.448 
   0.205 
  -0.807 
   0.470 
  -0.690 
   0.587 
   0.117 
   0.129 
   0.071 
   0.001 
  -0.159 
   0.144 
  -0.020 
   0.042 
   0.376 
  -0.056 
   0.030 
  -0.041 
  -0.097 
  -0.089 
  -0.185 
  -0.054 
  -0.113 
  -0.035 
   0.060 
   0.055 
   0.304 
  -0.187 
   0.382 
  -0.404 
  -0.151 
   0.129 
  -0.172 
   0.152 
  -0.270 
   0.237 
  -0.030 
  -0.015 
  -0.058 
   0.010 
  -0.127 
   0.147 
  -0.125 
  -0.035 
   0.204 
  -0.038 
  -0.184 
   0.148 
  -0.189 
   0.170 
  -0.489 
   0.288 
  -0.219 
   0.216 
  -0.080 
   0.009 
  -0.016 
   0.188 
   0.005 
  -0.032 
  -0.002 
   0.080 
  -0.423 
   0.195 
  -0.749 
   0.818 
  -0.112 
  -0.153 
  -0.121 
   0.031 
  -0.054 
  -0.021 
   0.194 
   0.019 
  -0.198 
   0.291 
  -0.472 
   0.503 
  -0.154 
   0.013 
   0.111 
  -0.018 
  -0.548 
   0.528 
   0.233 
  -0.084 
  -0.226 
   0.136 
  -0.033 
   0.053 
   0.228 
  -0.116 
  -0.467 
   0.195 
  -0.106 
  -0.074 
   0.441 
  -0.078 
   0.359 
  -0.405 
  -0.034 
  -0.135 
  -0.009 
  -0.112 
   0.273 
  -0.254 
   0.229 
  -0.202 
  -0.055 
  -0.169 
   0.527 
  -0.487 
   0.202 
  -0.172 
   0.178 
  -0.049 
   0.070 
  -0.129 
   0.092 
  -0.101 
   0.235 
  -0.006 
  -0.310 
   0.063 
   0.057 
  -0.237 
   0.054 
   0.014 
  -0.388 
   0.053 
   0.093 
   0.001 
  -0.132 
   0.107 
   0.143 
  -0.017 
  -0.006 
  -0.005 
  -0.114 
   0.012 
  -0.023 
   0.242 
  -0.034 
   0.033 
   0.162 
   0.084 
   0.208 
  -0.132 
  -0.087 
   0.060 
   0.081 
  -0.087 
   0.180 
  -0.093 
   0.013 
  -0.006 
  -0.096 
  -0.105 
  -0.001 
   0.094 
  -0.127 
   0.021 
  -0.105 
   0.086 
   0.004 
  -0.018 
  -0.025 
  -0.048 
   0.331 
  -0.412 
   0.127 
  -0.122 
  -0.014 
  -0.169 
   0.092 
  -0.127 
   0.059 
  -0.031 
  -0.199 
  -0.083 
  -0.158 
   0.109 
  -0.129 
  -0.038 
  -0.145 
  -0.072 
   0.115 
   0.011 
  -0.399 
   0.474 
  -0.132 
   0.087 
  -0.037 
   0.030 
  -0.193 
   0.220 
   0.129 
   0.192 
  -0.677 
   0.347 
   0.124 
  -0.113 
   0.160 
   0.066 
   0.276 
   0.016 
  -0.085 
  -0.087 
   0.124 
   0.125 
   0.121 
  -0.007 
  -0.190 
   0.233 
   0.154 
   0.067 
   0.009 
   0.008 
  -0.058 
  -0.067 
   0.008 
  -0.094 
   0.186 
  -0.089 
   0.032 
   0.054 
  -0.065 
   0.024 
  -0.094 
   0.086 
  -0.002 
   0.078 
  -0.152 
  -0.012 
  -0.050 
   0.268 
  -0.107 
   0.178 
  -0.289 
  -0.050 
  -0.091 
   0.054 
  -0.133 
   0.176 
   0.197 
  -0.037 
   0.039 
   0.109 
   0.035 
  -0.032 
  -0.227 
  -0.071 
   0.216 
  -0.151 
  -0.177 
   0.166 
   0.141 
  -0.080 
   0.088 
   0.030 
  -0.069 
  -0.080 
  -0.066 
   0.046 
   0.256 
   0.019 
  -0.136 
   0.108 
  -0.152 
  -0.192 
   0.119 
  -0.036 
  -0.050 
  -0.057 
   0.294 
   0.173 
  -0.034 
   0.132 
   0.220 
  -0.333 
   0.194 
  -0.719 
   0.136 
  -0.514 
   0.928 
  -0.709 
  -0.191 
  -0.060 
  -0.057 
   0.180 
  -0.043 
   0.078 
   0.325 
  -0.017 
   0.193 
  -0.126 
  -0.059 
   0.126 
   0.157 
  -0.178 
   0.132 
  -0.200 
   0.069 
  -0.035 
   0.132 
  -0.074 
   0.135 
  -0.110 
  -0.245 
   0.038 
   0.363 
   0.230 
  -0.041 
   0.059 
   0.307 
  -0.431 
  -0.191 
  -0.129 
   0.059 
  -0.151 
   0.081 
  -0.070 
   0.231 
  -0.042 
   0.015 
   0.124 
  -0.150 
   0.139 
  -0.222 
   0.016 
  -0.176 
   0.116 
   0.015 
   0.027 
   0.164 
  -0.315 
   0.659 
  -0.704 
   0.557 
  -0.408 
   0.067 
   0.138 
  -0.057 
   0.200 
  -0.157 
   0.158 
  -0.196 
   0.031 
  -0.024 
  -0.048 
   0.101 
  -0.022 
  -0.232 
  -0.072 
  -0.504 
   0.178 
   0.047 
  -0.067 
  -0.011 
   0.088 
  -0.370 
   0.251 
  -0.064 
   0.004 
   0.006 
  -0.065 
  -0.034 
  -0.020 
  -0.037 
   0.026 
  -0.004 
  -0.021 
   0.064 
  -0.036 
  -0.481 
   0.441 
  -0.172 
  -0.093 
   0.237 
  -0.164 
   0.183 
  -0.321 
  -0.391 
  -0.001 
  -0.094 
   0.076 
  -0.049 
   0.113 
   0.197 
  -0.014 
   0.378 
  -0.440 
   0.176 
  -0.151 
  -0.153 
  -0.035 
   0.205 
  -0.044 
  -0.193 
   0.157 
  -0.022 
   0.112 
  -0.206 
   0.004 
   0.337 
  -0.257 
   0.000 
  -0.031 
  -0.054 
   0.024 
   0.009 
   0.076 
   0.083 
  -0.035 
  -0.113 
   0.042 
   0.040 
  -0.199 
  -0.090 
  -0.020 
  -0.103 
   0.094 
   0.056 
  -0.081 
  -0.164 
  -0.078 
  -0.302 
   0.100 
  -0.077 
   0.078 
  -0.152 
   0.086 
  -0.115 
   0.169 
  -0.089 
   0.085 
  -0.108 
  -0.008 
  -0.147 
   0.052 
   0.069 
  -0.256 
   0.005 
  -0.163 
   0.325 
  -0.422 
   0.092 
  -0.210 
   0.297 
  -0.078 
  -0.756 
   0.504 
  -0.086 
   0.066 
   0.148 
   0.298 
  -0.002 
  -0.045 
   0.147 
  -0.154 
   0.084 
  -0.102 
   0.027 
  -0.076 
   0.240 
  -0.385 
   0.128 
  -0.047 
  -0.323 
   0.026 
  -0.363 
   0.185 
  -0.040 
   0.113 
   0.269 
  -0.073 
  -0.562 
   0.442 
  -0.126 
   0.257 
  -0.075 
  -0.074 
   0.131 
   0.011 
  -0.090 
   0.170 
   0.009 
  -0.020 
   0.140 
  -0.015 
  -0.016 
  -0.135 
  -0.039 
  -0.054 
  -0.319 
   0.429 
  -0.690 
   0.673 
  -0.256 
  -0.112 
  -0.186 
   0.161 
   0.011 
  -0.008 
   0.173 
   0.128 
   0.085 
  -0.069 
   0.614 
  -0.570 
   0.196 
  -0.094 
   0.240 
  -0.294 
   0.202 
  -0.182 
   0.211 
  -0.094 
  -0.166 
  -0.053 
   0.170 
  -0.127 
   0.236 
  -0.042 
  -0.370 
   0.036 
  -0.066 
   0.195 
   0.124 
  -0.023 
  -0.092 
   0.116 
   0.024 
  -0.030 
  -0.372 
  -0.109 
   0.302 
  -0.039 
   0.888 
   0.047 
  -0.089 
  -0.394 
   0.079 
   0.051 
  -0.036 
  -0.056 
  -0.137 
   0.254 
  -0.241 
   0.023 
   0.000 
   0.276 
  -0.019 
  -0.064 
   0.247 
  -0.200 
   0.175 
  -0.053 
  -0.174 
   0.161 
  -0.205 
   0.136 
  -0.025 
  -0.063 
  -0.083 
  -0.251 
   0.284 
  -0.041 
   0.037 
   0.015 
   0.042 
  -0.238 
   0.500 
  -0.437 
   0.383 
  -0.137 
   0.101 
   0.498 
  -0.152 
  -0.218 
   0.169 
  -0.120 
   0.029 
  -0.051 
   0.261 
   0.001 
   0.083 
   0.283 
   0.127 
  -0.455 
   0.259 
  -0.412 
   0.430 
  -0.236 
  -0.032 
  -0.068 
   0.064 
  -0.230 
   0.196 
   0.142 
  -0.044 
   0.270 
  -0.199 
  -0.260 
   0.150 
   0.141 
   0.072 
  -0.096 
   0.070 
   0.020 
  -0.008 
   0.000 
  -0.478 
  -0.436 
  -0.257 
   0.579 
  -0.579 
  -0.000 
  -0.022 
  -0.079 
   0.036 
   0.038 
  -0.047 
   0.128 
  -0.010 
   0.017 
   0.072 
   0.161 
  -0.011 
  -0.135 
  -0.056 
  -0.185 
   0.222 
   0.043 
  -0.009 
  -0.185 
  -0.153 
  -0.118 
  -0.010 
  -0.152 
   0.242 
  -0.333 
  -0.040 
  -0.526 
   0.384 
  -0.316 
   0.376 
   0.035 
  -0.058 
  -0.326 
   0.146 
  -0.072 
   0.182 
  -0.021 
  -0.441 
  -0.453 
  -0.161 
   1.117 
  -0.872 
  -0.236 
   0.023 
   0.507 
  -0.081 
  -0.735 
   0.732 
  -0.035 
  -0.105 
   0.172 
  -0.162 
  -0.103 
  -0.011 
  -0.031 
   0.340 
  -0.395 
   0.761 
  -0.204 
   0.119 
   0.006 
  -0.148 
  -0.172 
   0.010 
   0.049 
  -0.049 
   0.093 
   0.005 
  -0.349 
   0.189 
   0.073 
   0.027 
   0.071 
   0.029 
   0.465 
  -0.183 
   0.015 
  -0.145 
   0.085 
  -0.044 
   0.231 
  -0.103 
   0.048 
   0.030 
  -0.085 
  -0.218 
  -0.343 
   0.290 
  -0.815 
   0.871 
   0.146 
  -0.136 
  -0.189 
  -0.053 
   0.066 
  -0.053 
  -0.104 
  -0.025 
  -0.151 
   0.066 
   0.005 
  -0.165 
   0.229 
   0.074 
   0.074 
  -0.127 
   0.128 
  -0.042 
   0.274 
  -0.010 
   0.833 
  -0.669 
   0.174 
  -0.340 
   0.151 
  -0.023 
  -0.381 
   0.159 
  -0.081 
   0.050 
   0.009 
  -0.132 
  -0.292 
   0.017 
   0.037 
   0.086 
   0.321 
   0.009 
  -0.533 
   0.334 
  -0.038 
   0.143 
   0.041 
  -0.066 
  -0.024 
   0.120 
   0.076 
  -0.084 
