  -0.400 
  -0.043 
   0.016 
  -0.425 
  -0.299 
  -0.111 
   0.157 
   0.364 
   0.278 
  -0.350 
  -0.101 
  -0.128 
   0.282 
   0.434 
  -0.052 
   0.004 
   0.183 
   0.215 
  -0.229 
  -0.438 
   0.185 
  -0.295 
  -0.994 
  -0.121 
   0.341 
  -1.238 
   1.004 
  -0.219 
  -0.070 
  -0.286 
  -0.424 
   0.135 
   0.067 
  -0.142 
   0.104 
  -0.183 
  -0.144 
  -0.389 
   0.360 
   0.061 
   0.360 
  -0.323 
  -0.564 
  -0.280 
   0.375 
  -0.287 
   0.022 
  -0.119 
   0.134 
   0.199 
   0.099 
  -0.742 
   0.021 
  -0.283 
  -0.017 
  -0.373 
   0.409 
   0.262 
  -0.065 
  -0.201 
  -0.279 
   0.056 
  -0.088 
   0.020 
  -0.194 
   0.142 
  -0.184 
  -0.263 
   0.339 
  -0.157 
  -0.134 
   0.420 
   0.144 
   0.028 
   0.274 
   0.021 
  -0.731 
  -0.921 
  -0.297 
   0.163 
  -0.292 
   0.037 
  -0.439 
   1.126 
  -0.147 
   0.318 
   0.080 
  -0.013 
   0.033 
  -0.234 
  -0.018 
  -0.310 
   0.021 
  -0.317 
   0.072 
   1.767 
  -0.930 
  -0.907 
   0.243 
  -0.222 
   0.419 
   0.105 
   0.053 
  -0.320 
  -0.068 
  -0.118 
  -0.989 
  -1.182 
  -0.428 
   0.003 
  -0.033 
  -0.125 
  -0.352 
  -0.217 
   0.095 
   0.138 
   0.047 
   0.146 
   0.087 
  -0.253 
   0.113 
   0.104 
  -0.267 
   0.348 
  -0.236 
   0.217 
   0.064 
   0.299 
  -0.296 
   0.259 
   0.020 
  -0.120 
  -0.202 
   0.408 
  -0.104 
   0.934 
   0.006 
   0.043 
  -0.211 
  -0.071 
  -0.667 
   0.104 
   0.340 
   0.116 
  -0.192 
   0.042 
  -0.659 
  -0.479 
   0.205 
   0.343 
  -0.090 
   0.402 
   0.021 
  -0.142 
   0.411 
   0.422 
   0.048 
   0.384 
  -0.086 
  -0.155 
   0.234 
  -0.058 
   0.037 
  -0.601 
  -0.446 
  -0.021 
   0.021 
  -0.047 
  -0.265 
   0.268 
  -0.002 
  -0.105 
   0.172 
   0.316 
   0.166 
   0.173 
  -0.042 
   0.247 
  -0.409 
  -0.015 
  -0.125 
  -0.269 
  -0.283 
  -0.098 
   0.241 
  -0.383 
   0.346 
  -0.045 
  -0.421 
   0.087 
  -0.121 
   0.257 
  -0.010 
  -0.010 
   0.029 
  -0.301 
   0.031 
  -0.662 
  -0.075 
   0.191 
  -0.141 
   0.135 
  -0.898 
   0.321 
   0.015 
   0.005 
  -0.066 
   0.385 
   0.246 
   0.059 
  -0.334 
   0.103 
  -0.462 
   0.585 
  -0.389 
   0.654 
  -0.063 
  -0.033 
   0.211 
  -0.208 
   0.048 
  -0.247 
   0.038 
   0.045 
  -0.246 
   0.027 
   0.804 
  -0.696 
   0.055 
  -0.188 
  -0.387 
  -0.390 
  -0.395 
   0.141 
  -0.012 
  -0.271 
  -0.045 
  -0.441 
   0.343 
  -0.032 
  -0.463 
  -0.225 
   0.079 
   0.232 
  -0.248 
   0.119 
   0.301 
   0.029 
  -0.387 
   0.280 
   0.311 
  -0.129 
   0.355 
  -0.278 
   0.196 
   0.146 
   0.190 
  -0.503 
   0.160 
  -0.029 
  -0.313 
  -0.331 
  -0.124 
  -0.193 
  -0.319 
  -0.404 
   0.037 
  -0.307 
  -0.190 
   0.325 
   0.863 
  -0.122 
  -0.285 
   0.055 
   0.127 
  -0.437 
  -1.017 
  -0.340 
   0.401 
   0.239 
  -0.118 
   0.060 
   0.191 
   0.077 
  -0.350 
  -0.309 
  -0.234 
   0.092 
  -0.344 
  -0.114 
   0.241 
   0.110 
   0.429 
  -0.142 
   0.374 
  -0.123 
   0.027 
   0.046 
  -0.125 
   0.129 
   0.099 
   0.073 
   0.934 
  -0.020 
  -0.081 
   0.287 
  -0.131 
   0.107 
   0.098 
   0.197 
  -0.126 
   0.412 
  -0.205 
   0.443 
   0.253 
  -0.434 
  -0.081 
  -0.173 
  -0.300 
   0.032 
   0.048 
   0.040 
   0.136 
  -0.099 
   0.077 
   0.002 
  -0.315 
  -0.498 
  -0.292 
  -0.370 
  -0.279 
   0.103 
   0.262 
  -0.365 
   0.341 
  -0.013 
   0.029 
  -0.400 
  -0.045 
   0.081 
   0.389 
   0.011 
  -0.821 
   0.374 
  -0.051 
  -0.144 
  -0.121 
  -0.021 
  -0.016 
   0.029 
  -0.558 
  -0.281 
   0.029 
   0.345 
   0.219 
   0.146 
  -0.074 
   0.033 
   0.117 
   0.024 
   0.051 
  -0.002 
   0.270 
  -0.040 
   0.220 
   0.246 
   0.375 
   0.022 
  -0.423 
   0.038 
  -0.270 
   0.319 
   0.335 
   0.413 
   0.203 
  -0.007 
   0.496 
  -0.288 
  -0.802 
   0.304 
  -0.056 
   0.290 
   0.168 
   0.161 
  -0.296 
  -0.148 
  -0.329 
   0.048 
  -0.854 
   0.119 
   0.020 
  -0.006 
  -0.109 
   0.338 
  -0.225 
  -0.504 
   0.262 
   0.081 
  -0.769 
  -0.337 
   0.182 
  -0.066 
  -0.553 
  -0.500 
  -0.386 
  -0.218 
   0.087 
  -0.106 
   0.371 
   0.077 
   0.085 
  -0.277 
   0.022 
   0.412 
   0.114 
  -1.173 
  -0.033 
  -0.252 
  -0.161 
  -0.017 
  -0.038 
  -0.584 
   0.380 
   0.369 
  -0.247 
  -0.041 
  -0.205 
  -0.117 
  -0.020 
   0.139 
  -1.197 
   0.384 
   0.149 
   0.090 
   0.030 
   0.028 
  -0.015 
   0.245 
  -0.363 
   0.336 
  -0.874 
   0.194 
   0.040 
  -0.154 
   0.226 
   0.140 
  -0.389 
  -0.020 
  -0.751 
   0.369 
  -0.115 
  -0.378 
   0.425 
  -0.311 
   0.058 
   0.438 
   0.195 
  -0.234 
   0.129 
  -0.381 
   0.081 
   0.293 
  -0.024 
   0.078 
  -0.037 
   0.091 
   0.060 
   0.061 
   0.096 
   0.055 
  -0.254 
  -0.392 
   0.374 
  -0.154 
   0.082 
  -0.082 
  -0.302 
   0.023 
  -0.120 
  -0.352 
  -0.313 
   0.032 
  -0.205 
  -0.434 
  -0.345 
  -0.079 
   0.278 
  -1.021 
  -0.010 
   0.037 
  -0.172 
   0.368 
   0.085 
  -0.003 
   0.112 
   0.202 
   0.041 
  -0.025 
   0.290 
  -0.490 
  -0.240 
  -0.417 
  -0.194 
   0.013 
   0.156 
  -0.278 
  -0.095 
   0.408 
   0.100 
   0.156 
  -0.007 
  -0.133 
  -0.243 
   0.062 
   0.092 
   0.006 
   0.037 
   0.011 
   0.237 
   0.428 
  -0.662 
  -0.481 
   0.054 
   0.147 
   0.062 
   0.202 
  -0.129 
   0.465 
   0.044 
  -0.202 
  -0.311 
  -0.163 
   0.073 
   0.303 
  -0.014 
  -0.382 
   0.278 
  -0.263 
  -0.017 
   0.050 
  -0.651 
   0.331 
  -0.718 
  -0.304 
  -0.309 
   0.033 
   0.390 
  -0.147 
   0.346 
   0.358 
  -0.382 
   0.061 
  -0.181 
   0.341 
   0.253 
   0.089 
   0.199 
   0.346 
   0.339 
  -0.161 
  -0.089 
  -0.012 
  -0.263 
   0.056 
   0.324 
  -0.506 
   0.161 
  -0.321 
   0.231 
   0.106 
  -0.056 
   0.348 
  -0.392 
  -0.433 
  -0.106 
   0.426 
  -0.281 
   0.381 
  -0.051 
   0.117 
   0.374 
  -0.140 
   0.098 
   0.168 
   0.132 
  -0.052 
   0.193 
   0.095 
   0.448 
  -0.150 
  -0.368 
   0.026 
  -0.277 
   0.373 
   0.081 
   0.009 
  -0.324 
  -0.088 
   0.117 
  -0.369 
   0.058 
  -0.351 
   0.335 
   0.034 
  -0.280 
   0.344 
   0.533 
   0.058 
  -0.131 
  -0.357 
   0.057 
   0.254 
   0.033 
  -0.234 
  -0.182 
  -0.206 
  -0.245 
   0.184 
  -0.127 
   0.864 
  -0.805 
   0.060 
   0.017 
  -0.706 
   0.122 
   0.238 
  -0.259 
   0.065 
   1.309 
  -0.288 
   0.310 
   0.029 
   0.138 
   0.195 
   0.150 
  -0.582 
   0.306 
  -0.398 
  -0.026 
  -0.244 
   1.153 
   0.368 
   0.223 
   0.072 
  -0.025 
  -0.379 
  -0.094 
  -0.280 
  -0.310 
   0.342 
   0.203 
   0.520 
   0.273 
   0.056 
  -0.287 
   0.394 
   0.030 
  -0.131 
   0.030 
   0.119 
   0.032 
   0.012 
  -0.021 
  -0.108 
  -0.173 
  -0.273 
  -0.115 
  -0.146 
  -0.172 
   0.287 
   0.113 
   0.380 
   0.256 
  -0.011 
  -0.029 
   0.095 
  -0.420 
   0.208 
   0.326 
   0.065 
   0.236 
   0.252 
   0.738 
  -0.270 
   0.075 
   0.337 
   0.166 
  -0.376 
   0.111 
   0.098 
  -0.093 
  -0.278 
  -0.236 
   0.029 
  -0.293 
  -0.006 
   0.093 
  -0.348 
   0.041 
  -0.295 
   0.247 
   0.031 
   0.080 
   0.022 
  -0.450 
   0.129 
  -0.097 
  -0.283 
   0.419 
   0.044 
   0.239 
  -0.297 
  -0.245 
   0.059 
  -0.251 
  -0.465 
   0.060 
   0.299 
   0.319 
  -0.388 
  -0.120 
  -0.547 
  -0.375 
  -0.292 
  -0.419 
  -0.117 
  -0.753 
  -0.113 
   0.082 
  -0.377 
  -0.278 
  -0.003 
   0.355 
  -0.278 
  -0.305 
   0.064 
   0.102 
  -0.053 
  -0.210 
  -0.134 
   0.011 
   0.041 
  -0.403 
   0.416 
   1.460 
   0.267 
   0.300 
  -0.109 
   0.076 
   0.225 
   0.336 
  -0.016 
  -0.026 
   0.041 
  -0.563 
   0.207 
  -0.451 
   0.271 
   0.213 
   0.303 
   0.025 
   0.253 
   0.096 
   0.325 
   0.017 
  -0.384 
  -0.288 
   0.063 
  -0.130 
  -0.037 
   0.124 
   0.013 
   0.233 
  -0.218 
   0.130 
   0.248 
   0.306 
  -0.259 
   0.076 
  -0.549 
  -0.131 
  -0.232 
   0.280 
  -0.075 
  -0.276 
  -0.299 
  -0.275 
  -0.718 
   0.067 
  -0.105 
   0.025 
   0.035 
   0.285 
   0.008 
   0.368 
   0.352 
  -0.000 
  -0.308 
  -0.252 
   0.031 
   0.189 
   0.336 
  -0.472 
   0.437 
   0.099 
   0.284 
   0.178 
   0.023 
  -0.290 
  -0.375 
   0.372 
   0.257 
   0.027 
  -0.177 
  -0.194 
   0.169 
   0.084 
  -0.493 
  -0.571 
  -0.191 
   0.017 
   0.137 
   0.118 
   0.344 
  -0.282 
   0.364 
   0.342 
   0.126 
   0.588 
  -0.320 
   0.053 
  -0.386 
  -0.041 
  -0.412 
   0.127 
   0.340 
   0.034 
   0.371 
   0.057 
   0.081 
  -0.378 
  -0.201 
  -0.306 
   0.212 
   0.228 
   0.411 
  -0.179 
  -0.094 
  -0.050 
  -0.051 
  -0.009 
   0.101 
  -0.034 
  -0.331 
   0.071 
  -0.424 
  -0.185 
   0.061 
   0.415 
  -0.478 
  -0.641 
   0.003 
   0.321 
   0.078 
   0.024 
   0.039 
  -0.040 
   0.349 
  -0.148 
   0.226 
   0.067 
   0.048 
   0.117 
  -0.347 
  -0.012 
  -0.359 
   0.216 
   0.093 
  -0.511 
  -0.280 
  -0.212 
   0.328 
  -0.033 
  -0.002 
   0.095 
  -0.126 
  -0.275 
  -0.291 
   0.082 
   0.089 
   0.323 
   0.185 
   0.416 
   0.324 
   1.430 
  -0.139 
  -0.299 
   0.238 
   0.261 
   0.188 
  -0.463 
   0.368 
  -0.078 
   0.422 
   0.250 
  -0.155 
  -0.356 
  -0.209 
   0.093 
  -0.061 
  -0.409 
   0.006 
   0.019 
   0.070 
   0.519 
   0.057 
   0.007 
   0.348 
   0.024 
   0.331 
  -0.284 
  -0.339 
   0.491 
   0.046 
   0.084 
   0.007 
   0.020 
   0.027 
   0.027 
  -0.907 
  -0.068 
   0.497 
   0.202 
  -0.128 
  -0.561 
  -0.065 
  -0.090 
  -0.174 
   0.125 
   0.102 
   0.087 
   0.251 
   0.082 
  -0.156 
   0.168 
   0.159 
  -0.525 
   0.050 
  -1.137 
   0.003 
   0.320 
   0.246 
  -0.327 
  -0.482 
   0.369 
  -0.244 
   0.053 
   0.070 
  -0.547 
  -0.066 
  -0.094 
  -0.148 
  -0.088 
  -0.775 
  -0.292 
  -0.268 
   0.005 
  -0.380 
  -0.318 
   0.037 
   0.397 
   0.189 
