  -0.198 
  -0.037 
  -0.033 
  -0.418 
  -0.097 
  -0.014 
   0.107 
   0.307 
   0.221 
  -0.148 
  -0.005 
  -0.089 
   0.225 
   0.384 
  -0.072 
   0.010 
   0.251 
   0.195 
  -0.223 
  -0.371 
   0.165 
  -0.256 
  -0.987 
  -0.025 
   0.284 
  -1.231 
   1.011 
  -0.151 
  -0.065 
  -0.218 
  -0.356 
   0.078 
   0.018 
  -0.045 
   0.084 
   0.019 
  -0.105 
  -0.187 
   0.124 
   0.041 
   0.125 
  -0.380 
  -0.496 
  -0.241 
   0.140 
  -0.085 
   0.028 
  -0.023 
   0.084 
   0.192 
   0.050 
  -0.791 
   0.027 
  -0.081 
  -0.024 
  -0.305 
   0.173 
   0.242 
  -0.085 
  -0.195 
  -0.328 
   0.007 
  -0.020 
   0.026 
   0.008 
   0.093 
  -0.145 
  -0.283 
   0.282 
  -0.061 
  -0.038 
   0.184 
   0.094 
   0.022 
   0.254 
   0.028 
  -0.692 
  -0.970 
  -0.258 
   0.113 
  -0.090 
   0.017 
  -0.432 
   1.132 
  -0.050 
   0.261 
   0.031 
  -0.007 
  -0.016 
  -0.283 
  -0.012 
  -0.108 
   0.001 
  -0.115 
   0.065 
   1.710 
  -0.979 
  -0.956 
   0.186 
  -0.020 
   0.362 
   0.048 
   0.034 
  -0.118 
  -0.062 
  -0.022 
  -0.982 
  -1.231 
  -0.422 
  -0.004 
  -0.053 
  -0.029 
  -0.401 
  -0.150 
   0.047 
   0.089 
   0.027 
   0.214 
   0.039 
  -0.214 
   0.181 
   0.172 
  -0.199 
   0.112 
  -0.197 
   0.197 
   0.015 
   0.304 
  -0.094 
   0.202 
   0.000 
  -0.024 
  -0.163 
   0.172 
  -0.008 
   0.877 
   0.012 
   0.023 
  -0.009 
  -0.091 
  -0.661 
   0.055 
   0.283 
   0.066 
  -0.212 
  -0.007 
  -0.652 
  -0.472 
   0.185 
   0.107 
   0.006 
   0.166 
  -0.028 
  -0.103 
   0.176 
   0.186 
  -0.001 
   0.148 
  -0.080 
  -0.087 
   0.214 
  -0.078 
  -0.012 
  -0.562 
  -0.244 
  -0.015 
   0.001 
  -0.054 
  -0.197 
   0.032 
  -0.009 
  -0.009 
   0.123 
   0.080 
   0.117 
   0.124 
  -0.091 
   0.190 
  -0.342 
  -0.064 
  -0.029 
  -0.230 
  -0.081 
  -0.002 
   0.246 
  -0.181 
   0.110 
   0.051 
  -0.353 
   0.038 
  -0.025 
   0.262 
  -0.017 
  -0.004 
  -0.021 
  -0.099 
   0.037 
  -0.655 
  -0.095 
  -0.044 
  -0.134 
   0.086 
  -0.831 
   0.264 
   0.008 
   0.011 
  -0.060 
   0.149 
   0.197 
   0.066 
  -0.132 
   0.054 
  -0.260 
   0.591 
  -0.187 
   0.634 
  -0.069 
  -0.027 
   0.191 
  -0.257 
  -0.001 
  -0.179 
   0.018 
   0.038 
  -0.178 
   0.008 
   0.784 
  -0.690 
   0.048 
  -0.182 
  -0.319 
  -0.188 
  -0.193 
   0.092 
  -0.019 
  -0.069 
  -0.052 
  -0.239 
   0.108 
  -0.039 
  -0.261 
  -0.157 
   0.030 
   0.212 
  -0.180 
   0.112 
   0.307 
   0.023 
  -0.185 
   0.223 
   0.075 
  -0.033 
   0.298 
  -0.076 
   0.202 
   0.139 
   0.141 
  -0.496 
   0.111 
  -0.024 
  -0.111 
  -0.263 
  -0.028 
  -0.242 
  -0.280 
  -0.202 
   0.017 
  -0.268 
  -0.151 
   0.332 
   0.844 
  -0.026 
  -0.246 
   0.061 
   0.195 
  -0.369 
  -1.011 
  -0.301 
   0.407 
   0.003 
  -0.022 
   0.011 
   0.185 
   0.084 
  -0.311 
  -0.329 
  -0.254 
   0.085 
  -0.142 
  -0.107 
   0.192 
   0.090 
   0.193 
  -0.046 
   0.138 
  -0.027 
  -0.022 
  -0.003 
  -0.029 
   0.072 
   0.049 
   0.024 
   0.941 
  -0.026 
  -0.013 
   0.052 
  -0.034 
   0.087 
   0.049 
   0.147 
  -0.176 
   0.176 
  -0.262 
   0.207 
   0.017 
  -0.427 
   0.015 
  -0.222 
  -0.320 
   0.038 
   0.054 
   0.020 
   0.087 
  -0.003 
   0.028 
   0.009 
  -0.276 
  -0.491 
  -0.090 
  -0.390 
  -0.240 
   0.083 
   0.026 
  -0.385 
   0.284 
  -0.007 
   0.022 
  -0.361 
  -0.039 
  -0.155 
   0.153 
   0.004 
  -0.814 
   0.317 
   0.046 
  -0.047 
  -0.025 
  -0.016 
  -0.010 
  -0.020 
  -0.565 
  -0.301 
   0.035 
   0.288 
   0.225 
   0.097 
   0.023 
   0.039 
   0.185 
  -0.025 
   0.003 
   0.004 
   0.035 
  -0.047 
   0.171 
   0.189 
   0.139 
  -0.027 
  -0.355 
   0.044 
  -0.264 
   0.084 
   0.100 
   0.177 
   0.154 
  -0.001 
   0.439 
  -0.086 
  -0.763 
   0.247 
  -0.076 
   0.233 
   0.119 
   0.167 
  -0.289 
  -0.109 
  -0.127 
  -0.001 
  -0.903 
   0.099 
   0.000 
  -0.001 
  -0.013 
   0.281 
  -0.219 
  -0.524 
   0.026 
  -0.155 
  -0.818 
  -0.135 
   0.125 
  -0.059 
  -0.514 
  -0.461 
  -0.184 
  -0.150 
   0.038 
  -0.010 
   0.135 
   0.028 
   0.090 
  -0.075 
   0.002 
   0.176 
   0.094 
  -1.222 
  -0.040 
  -0.050 
  -0.122 
  -0.023 
  -0.045 
  -0.577 
   0.447 
   0.134 
  -0.179 
  -0.036 
  -0.166 
  -0.021 
  -0.069 
   0.119 
  -1.158 
   0.377 
   0.092 
   0.042 
   0.023 
  -0.021 
  -0.022 
   0.225 
  -0.356 
   0.100 
  -0.867 
   0.174 
  -0.009 
  -0.086 
   0.176 
   0.083 
  -0.321 
  -0.069 
  -0.712 
   0.133 
  -0.019 
  -0.176 
   0.189 
  -0.109 
   0.009 
   0.444 
   0.175 
  -0.195 
   0.079 
  -0.314 
   0.032 
   0.236 
  -0.031 
   0.029 
   0.059 
   0.084 
   0.040 
   0.012 
   0.076 
   0.006 
  -0.247 
  -0.353 
   0.138 
  -0.115 
   0.062 
  -0.076 
  -0.100 
   0.029 
  -0.081 
  -0.284 
  -0.111 
   0.038 
  -0.003 
  -0.232 
  -0.277 
  -0.040 
   0.221 
  -1.014 
  -0.017 
   0.031 
  -0.105 
   0.132 
   0.065 
  -0.010 
   0.092 
   0.145 
   0.047 
  -0.032 
   0.232 
  -0.422 
  -0.201 
  -0.215 
  -0.098 
   0.109 
   0.163 
  -0.210 
   0.001 
   0.172 
   0.081 
   0.107 
  -0.027 
  -0.037 
  -0.041 
   0.013 
   0.035 
  -0.001 
  -0.012 
   0.004 
   0.217 
   0.192 
  -0.711 
  -0.414 
   0.005 
   0.215 
   0.013 
   0.145 
  -0.033 
   0.229 
  -0.004 
  -0.251 
  -0.272 
  -0.212 
   0.024 
   0.254 
  -0.020 
  -0.180 
   0.043 
  -0.061 
  -0.074 
   0.043 
  -0.708 
   0.274 
  -0.679 
  -0.265 
  -0.107 
   0.039 
   0.154 
  -0.140 
   0.339 
   0.122 
  -0.180 
   0.066 
  -0.114 
   0.284 
   0.017 
   0.083 
   0.179 
   0.110 
   0.290 
  -0.155 
   0.007 
  -0.006 
  -0.224 
   0.007 
   0.088 
  -0.439 
   0.166 
  -0.119 
   0.174 
   0.099 
  -0.050 
   0.112 
  -0.385 
  -0.231 
  -0.038 
   0.369 
  -0.242 
   0.361 
  -0.071 
   0.123 
   0.138 
  -0.101 
   0.049 
   0.119 
   0.083 
  -0.046 
   0.136 
   0.088 
   0.212 
  -0.054 
  -0.166 
  -0.023 
  -0.238 
   0.138 
   0.087 
  -0.040 
  -0.228 
  -0.020 
   0.068 
  -0.167 
   0.009 
  -0.312 
   0.100 
  -0.015 
  -0.078 
   0.324 
   0.513 
   0.001 
  -0.035 
  -0.289 
   0.008 
   0.205 
   0.014 
  -0.166 
  -0.176 
  -0.167 
  -0.177 
   0.127 
  -0.031 
   0.858 
  -0.766 
   0.053 
   0.011 
  -0.699 
   0.128 
   0.218 
  -0.162 
   0.016 
   1.252 
  -0.295 
   0.253 
  -0.020 
   0.089 
   0.175 
   0.101 
  -0.631 
   0.312 
  -0.330 
  -0.033 
  -0.176 
   1.220 
   0.132 
   0.203 
   0.023 
  -0.045 
  -0.177 
   0.002 
  -0.078 
  -0.108 
   0.285 
   0.210 
   0.463 
   0.253 
   0.007 
  -0.248 
   0.337 
  -0.019 
  -0.034 
   0.036 
   0.069 
  -0.017 
   0.005 
  -0.015 
  -0.040 
  -0.166 
  -0.234 
  -0.019 
  -0.050 
  -0.133 
   0.230 
   0.064 
   0.323 
   0.236 
  -0.018 
  -0.036 
   0.088 
  -0.381 
   0.151 
   0.090 
   0.016 
   0.216 
   0.016 
   0.744 
  -0.231 
   0.068 
   0.101 
   0.116 
  -0.174 
   0.062 
   0.048 
   0.003 
  -0.076 
  -0.285 
   0.035 
  -0.287 
  -0.013 
   0.036 
  -0.280 
   0.034 
  -0.228 
   0.190 
  -0.018 
   0.031 
  -0.027 
  -0.248 
   0.197 
  -0.091 
  -0.276 
   0.183 
   0.050 
   0.219 
  -0.258 
  -0.177 
   0.065 
  -0.212 
  -0.397 
   0.066 
   0.367 
   0.083 
  -0.321 
  -0.024 
  -0.597 
  -0.173 
  -0.253 
  -0.351 
  -0.111 
  -0.746 
  -0.016 
   0.033 
  -0.175 
  -0.210 
   0.003 
   0.119 
  -0.298 
  -0.266 
   0.015 
   0.053 
  -0.048 
  -0.008 
  -0.038 
   0.017 
  -0.008 
  -0.201 
   0.180 
   1.403 
   0.218 
   0.243 
  -0.013 
   0.027 
   0.176 
   0.101 
  -0.010 
  -0.020 
  -0.008 
  -0.557 
   0.187 
  -0.249 
   0.036 
   0.156 
   0.283 
  -0.024 
  -1.363 
   0.233 
   0.047 
   0.089 
   0.011 
  -0.433 
  -0.249 
   0.070 
  -0.091 
  -0.031 
  -0.111 
   0.019 
  -0.002 
  -0.267 
  -0.106 
   0.191 
   0.071 
  -0.220 
   0.070 
  -0.543 
  -0.092 
  -0.193 
   0.286 
  -0.069 
  -0.237 
  -0.260 
  -0.073 
  -0.712 
   0.060 
  -0.009 
   0.031 
  -0.022 
   0.228 
   0.014 
   0.132 
   0.295 
  -0.007 
  -0.106 
  -0.272 
   0.011 
   0.132 
   0.100 
  -0.404 
   0.201 
   0.050 
   0.227 
   0.184 
   0.016 
  -0.088 
  -0.173 
   0.378 
   0.200 
   0.021 
   0.025 
   0.008 
   0.149 
   0.064 
  -0.425 
  -0.565 
   0.011 
   0.011 
   0.131 
   0.061 
   0.287 
  -0.214 
   0.370 
   0.106 
   0.078 
   0.531 
  -0.281 
   0.004 
  -0.184 
  -0.047 
  -0.405 
   0.133 
   0.104 
   0.040 
   0.136 
   0.008 
   0.032 
  -0.310 
   0.001 
  -0.238 
   0.192 
  -0.008 
   0.175 
   0.023 
  -0.330 
  -0.011 
  -0.045 
  -0.016 
   0.094 
  -0.041 
  -0.325 
   0.022 
  -0.222 
   0.017 
   0.041 
   0.179 
  -0.471 
  -0.634 
  -0.004 
   0.085 
   0.084 
  -0.025 
  -0.010 
  -0.034 
   0.113 
  -0.080 
   0.233 
   0.018 
   0.054 
  -0.119 
  -0.145 
  -0.006 
  -0.292 
   0.159 
   0.044 
  -0.472 
  -0.241 
  -0.010 
   0.092 
  -0.039 
  -0.009 
  -0.141 
  -0.030 
  -0.236 
  -0.089 
   0.025 
   0.040 
   0.088 
   0.136 
   0.181 
   0.088 
   1.373 
  -0.043 
  -0.260 
   0.181 
   0.267 
   0.139 
  -0.395 
   0.132 
  -0.073 
   0.402 
   0.014 
  -0.059 
  -0.288 
  -0.229 
   0.043 
   0.036 
  -0.341 
  -0.001 
   0.025 
   0.021 
   0.462 
   0.037 
   0.012 
   0.113 
   0.030 
   0.095 
  -0.082 
  -0.271 
   0.255 
  -0.003 
   0.090 
   0.001 
   0.026 
  -0.022 
   0.033 
  -0.901 
  -0.029 
   0.440 
   0.183 
  -0.061 
  -0.522 
  -0.025 
   0.007 
  -0.106 
   0.076 
   0.082 
   0.038 
   0.202 
   0.033 
  -0.060 
   0.174 
   0.110 
  -0.518 
   0.030 
  -1.130 
  -0.004 
   0.300 
   0.226 
  -0.288 
  -0.475 
   0.133 
  -0.205 
   0.033 
   0.021 
  -0.541 
   0.030 
   0.003 
  -0.080 
  -0.020 
  -0.824 
  -0.090 
  -0.066 
  -0.002 
  -0.178 
  -0.312 
   0.030 
   0.161 
   0.132 
