  -0.006 
  -0.277 
  -0.068 
   0.072 
  -0.021 
  -0.108 
  -0.348 
  -0.214 
  -0.245 
   0.358 
  -0.035 
   0.245 
  -0.202 
  -0.211 
   0.187 
  -0.374 
   0.140 
   0.004 
   0.399 
   0.284 
   0.141 
  -0.060 
   0.039 
   0.073 
   0.055 
  -0.036 
   0.192 
   0.027 
  -0.036 
  -0.129 
   0.005 
  -0.069 
   0.003 
  -0.225 
   0.152 
  -0.095 
   0.039 
   0.010 
   0.017 
  -0.083 
   0.055 
  -0.079 
   0.554 
   0.580 
   0.637 
  -0.070 
  -0.088 
   0.501 
   0.318 
   0.262 
  -0.275 
   0.193 
  -0.066 
  -0.302 
  -0.041 
   0.162 
   0.009 
   0.243 
  -0.029 
   0.114 
   0.301 
  -0.320 
   0.114 
  -0.215 
  -0.068 
  -0.027 
   0.089 
  -0.054 
  -0.109 
   0.035 
  -0.074 
   0.165 
   0.066 
  -0.078 
  -0.017 
   0.036 
  -0.293 
   0.360 
   0.309 
   0.006 
  -0.067 
   0.025 
  -0.201 
   0.672 
   0.492 
   0.132 
   0.078 
   0.071 
  -0.167 
   0.340 
   0.506 
   0.227 
  -0.135 
   0.151 
   0.188 
   0.021 
   0.110 
  -0.162 
  -0.032 
  -0.218 
  -0.095 
  -0.174 
  -0.008 
   0.113 
   0.076 
  -0.133 
  -0.055 
   0.188 
   0.070 
  -0.152 
   0.056 
   0.044 
   0.095 
   0.021 
   0.015 
   0.011 
  -0.086 
   0.148 
  -0.041 
  -0.213 
   0.022 
  -0.067 
  -0.065 
  -0.128 
   0.295 
   0.335 
  -0.218 
   0.136 
  -0.049 
   0.232 
  -0.262 
   0.500 
  -0.048 
  -0.283 
   0.095 
   0.182 
  -0.184 
   0.012 
   0.030 
  -0.076 
  -0.434 
  -0.303 
  -0.099 
   0.066 
   0.075 
  -0.029 
   0.153 
   0.310 
  -0.041 
   0.052 
  -0.000 
   0.091 
  -0.103 
  -0.161 
   0.073 
  -0.109 
   0.110 
  -0.224 
  -0.001 
   0.041 
  -0.147 
   0.065 
  -0.001 
   0.155 
  -0.013 
  -0.043 
  -0.109 
   0.148 
  -0.116 
  -0.274 
   0.054 
   0.131 
  -0.120 
   0.007 
   0.206 
   0.150 
  -0.140 
  -0.282 
  -0.082 
   0.284 
  -0.224 
  -0.176 
  -0.260 
   0.071 
   0.084 
   0.015 
  -0.409 
   0.530 
  -0.288 
  -0.142 
   0.157 
   0.084 
  -0.087 
  -0.083 
   0.068 
  -0.055 
  -0.057 
  -0.101 
  -0.059 
   0.215 
  -0.269 
  -0.187 
  -0.009 
   0.124 
   0.162 
  -0.143 
   0.108 
  -0.034 
  -0.258 
  -0.122 
   0.087 
   0.015 
   0.015 
  -0.038 
  -0.041 
   0.208 
   0.091 
   0.130 
  -0.105 
   0.201 
   0.295 
   0.090 
   0.118 
  -0.289 
  -0.003 
   0.071 
  -0.043 
  -0.173 
  -0.059 
   0.154 
  -0.278 
   0.049 
  -0.161 
  -0.171 
   0.071 
   0.215 
   0.031 
   0.017 
  -0.086 
  -0.042 
   0.062 
   0.018 
  -0.004 
  -0.140 
   0.010 
  -0.035 
   0.068 
  -0.143 
   0.250 
   0.198 
   0.042 
  -0.012 
  -0.021 
   0.108 
  -0.129 
  -0.115 
  -0.122 
  -0.054 
  -0.057 
   0.153 
   0.017 
   0.142 
   0.396 
   0.239 
   0.204 
  -0.347 
   0.150 
  -0.003 
  -0.057 
   0.054 
  -0.084 
  -0.065 
  -0.040 
   0.052 
  -0.101 
  -0.165 
  -0.128 
  -0.058 
  -0.100 
  -0.089 
   0.129 
   0.098 
  -0.220 
  -0.047 
   0.116 
   0.241 
  -0.140 
  -0.147 
   0.209 
  -0.142 
   0.184 
   0.320 
   0.038 
  -0.060 
   0.249 
   0.010 
  -0.111 
  -0.206 
   0.026 
   0.122 
   0.232 
  -0.084 
  -0.006 
  -0.045 
   0.054 
   0.148 
   0.025 
  -0.018 
  -0.064 
  -0.009 
   0.131 
   0.081 
   0.050 
  -0.075 
   0.129 
   0.145 
   0.176 
   0.092 
  -0.159 
  -0.032 
  -0.033 
   0.046 
  -0.033 
  -0.118 
   0.290 
  -0.145 
   0.182 
   0.047 
  -0.128 
  -0.023 
  -0.204 
   0.318 
  -0.008 
  -0.069 
  -0.083 
  -0.009 
   0.054 
  -0.179 
   0.036 
  -0.196 
  -0.111 
   0.106 
  -0.016 
   0.014 
  -0.012 
  -0.051 
   0.029 
  -0.088 
  -0.012 
   0.003 
  -0.156 
  -0.168 
  -0.077 
   0.069 
  -0.082 
   0.075 
  -0.071 
  -0.033 
  -0.123 
  -0.042 
   0.057 
  -0.011 
  -0.070 
  -0.436 
  -0.095 
   0.354 
   0.015 
   0.158 
  -0.129 
  -0.180 
   0.127 
  -0.298 
   0.058 
   0.052 
  -0.033 
   0.213 
   0.097 
   0.079 
   0.052 
  -0.053 
  -0.024 
   0.096 
  -0.082 
  -0.040 
  -0.062 
   0.211 
  -0.169 
  -0.163 
  -0.004 
  -0.163 
   0.022 
   0.182 
  -0.207 
   0.035 
   0.172 
   0.094 
  -0.009 
   0.301 
  -0.410 
  -0.313 
   0.097 
   0.131 
   0.128 
  -0.050 
   0.039 
   0.092 
  -0.150 
  -0.089 
  -0.009 
  -0.099 
   0.133 
   0.060 
  -0.221 
   0.070 
   0.030 
  -0.041 
  -0.033 
  -0.047 
   0.054 
  -0.020 
   0.093 
   0.090 
  -0.047 
  -0.051 
   0.013 
   0.066 
  -0.077 
   0.125 
  -0.101 
   0.086 
   0.232 
   0.006 
   0.070 
   0.197 
  -0.133 
  -0.083 
   0.110 
  -0.100 
   0.053 
   0.231 
   0.550 
   0.547 
   0.240 
  -0.165 
   0.048 
   0.432 
   0.499 
   0.195 
  -0.113 
  -0.024 
  -0.075 
  -0.049 
  -0.031 
   0.288 
  -0.272 
  -0.054 
   0.184 
   0.242 
  -0.076 
   0.150 
  -0.149 
   0.024 
  -0.116 
  -0.108 
  -0.028 
   0.152 
  -0.065 
  -0.036 
  -0.173 
  -0.158 
   0.069 
   0.252 
  -0.141 
   0.070 
  -0.086 
  -0.190 
  -0.065 
   0.183 
  -0.084 
  -0.046 
  -0.012 
   0.173 
  -0.163 
   0.221 
  -0.003 
  -0.211 
  -0.074 
  -0.021 
   0.090 
  -0.021 
   0.030 
  -0.023 
   0.715 
   0.738 
  -0.368 
   0.003 
  -0.052 
  -0.067 
   0.045 
  -0.307 
   0.011 
  -0.153 
  -0.204 
  -0.108 
   0.000 
   0.036 
  -0.035 
   0.053 
  -0.253 
   0.012 
   0.283 
   0.034 
   0.133 
   0.067 
  -0.149 
  -0.059 
   0.136 
  -0.124 
   0.002 
  -0.016 
   0.204 
   0.230 
   0.266 
   0.009 
  -0.088 
   0.167 
   0.101 
  -0.059 
  -0.007 
   0.189 
  -0.052 
  -0.153 
  -0.076 
  -0.019 
  -0.060 
  -0.022 
  -0.035 
   0.006 
   0.058 
  -0.048 
  -0.084 
   0.062 
  -0.053 
   0.031 
  -0.170 
  -0.083 
   0.288 
  -0.056 
   0.153 
  -0.075 
   0.241 
   0.168 
  -0.012 
  -0.087 
   0.145 
   0.049 
  -0.193 
  -0.223 
  -0.115 
   0.153 
  -0.238 
   0.239 
   0.059 
   0.024 
  -0.044 
  -0.087 
  -0.117 
  -0.081 
   0.046 
   0.073 
  -0.019 
   0.075 
  -0.022 
  -0.095 
  -0.145 
   0.027 
   0.015 
   0.122 
  -0.089 
  -0.192 
  -0.196 
  -0.053 
   0.052 
   0.029 
  -0.153 
  -0.117 
   0.182 
   0.211 
  -0.247 
   0.247 
  -0.029 
  -0.080 
   0.068 
   0.032 
  -0.073 
   0.058 
  -0.031 
  -0.157 
   0.034 
   0.047 
  -0.044 
   0.129 
  -0.047 
  -0.089 
  -0.183 
  -0.104 
  -0.065 
   0.044 
  -0.194 
   0.176 
  -0.191 
   0.078 
   0.195 
  -0.349 
   0.132 
  -0.055 
  -0.363 
  -0.152 
  -0.174 
   0.287 
   0.054 
  -0.045 
  -0.059 
  -0.052 
   0.050 
  -0.329 
   0.196 
   0.040 
  -0.110 
  -0.178 
   0.059 
  -0.027 
   0.168 
  -0.000 
  -0.013 
   0.104 
   0.089 
  -0.036 
  -0.135 
   0.058 
   0.082 
  -0.016 
   0.006 
  -0.212 
   0.017 
  -0.311 
  -0.218 
  -0.130 
   0.027 
  -0.008 
   0.107 
  -0.042 
   0.173 
   0.095 
  -0.087 
   0.049 
  -0.107 
   0.061 
   0.072 
   0.039 
   0.075 
  -0.067 
  -0.003 
  -0.004 
   0.068 
   0.168 
  -0.290 
   0.718 
  -0.370 
   0.046 
   0.051 
  -0.011 
  -0.102 
   0.230 
  -0.214 
   0.076 
   0.102 
   0.058 
   0.223 
  -0.165 
   0.222 
  -0.186 
  -0.233 
  -0.229 
  -0.053 
   0.128 
   0.248 
   0.178 
  -0.117 
   0.158 
   0.150 
   0.110 
   0.075 
  -0.012 
  -0.251 
   0.377 
  -0.390 
   0.115 
  -0.074 
  -0.057 
   0.087 
  -0.178 
   0.131 
  -0.109 
  -0.171 
  -0.153 
   0.084 
  -0.041 
   0.084 
   0.134 
  -0.127 
  -0.119 
   0.077 
   0.097 
  -0.092 
  -0.164 
  -0.155 
   0.046 
   0.077 
  -0.157 
   0.063 
   0.063 
  -0.027 
   0.040 
   0.117 
  -0.232 
   0.110 
  -0.152 
  -0.229 
  -0.066 
   0.101 
  -0.081 
   0.228 
   0.120 
   0.179 
   0.372 
  -0.440 
   0.164 
  -0.347 
   0.116 
   0.084 
   0.331 
  -0.085 
   0.336 
  -0.272 
   0.022 
  -0.135 
  -0.242 
  -0.019 
   0.193 
  -0.162 
   0.085 
  -0.025 
  -0.131 
   0.025 
  -0.113 
  -0.100 
  -0.194 
   0.103 
   0.145 
  -0.102 
  -0.233 
   0.106 
   0.083 
   0.126 
  -0.043 
  -0.127 
   0.052 
   0.087 
  -0.092 
  -0.046 
  -0.130 
  -0.074 
   0.203 
  -0.107 
   0.104 
  -0.085 
  -0.118 
   0.053 
  -0.279 
  -0.094 
  -0.002 
  -0.068 
   0.004 
  -0.078 
   0.038 
   0.014 
   0.184 
  -0.029 
  -0.052 
  -0.137 
   0.136 
  -0.148 
   0.187 
  -0.016 
  -0.108 
   0.020 
   0.103 
   0.029 
  -0.087 
   0.022 
  -0.003 
  -0.003 
   0.046 
  -0.153 
  -0.077 
   0.324 
   0.410 
  -0.259 
   0.183 
  -0.043 
   0.053 
   0.309 
   0.184 
  -0.219 
   0.168 
   0.016 
  -0.137 
   0.072 
   0.062 
  -0.075 
   0.236 
  -0.088 
   0.109 
   0.023 
   0.064 
  -0.120 
   0.337 
  -0.244 
   0.096 
   0.005 
  -0.004 
   0.019 
  -0.071 
   0.052 
   0.173 
  -0.162 
   0.243 
  -0.035 
   0.118 
   0.230 
  -0.000 
  -0.001 
  -0.055 
  -0.036 
   0.163 
   0.217 
  -0.266 
   0.329 
  -0.223 
  -0.330 
  -0.177 
   0.075 
   0.060 
  -0.019 
   0.020 
   0.151 
  -0.041 
  -0.115 
   0.139 
  -0.294 
   0.082 
  -0.139 
   0.320 
   0.511 
   0.020 
   0.210 
   0.074 
   0.048 
  -0.015 
  -0.022 
  -0.113 
   0.088 
  -0.021 
  -0.315 
   0.273 
  -0.086 
   0.247 
   0.502 
   0.468 
  -0.037 
  -0.298 
  -0.145 
   0.120 
  -0.066 
   0.125 
  -0.041 
   0.148 
   0.216 
   0.476 
  -0.346 
  -0.088 
   0.289 
   0.331 
   0.173 
  -0.184 
  -0.092 
   0.125 
   0.225 
  -0.136 
  -0.028 
   0.034 
   0.066 
   0.301 
   0.116 
   0.145 
  -0.059 
  -0.066 
   0.191 
  -0.353 
  -0.082 
   0.216 
  -0.072 
   0.200 
  -0.106 
   0.075 
   0.086 
   0.034 
  -0.053 
  -0.021 
   0.091 
   0.023 
  -0.099 
   0.442 
  -0.139 
  -0.054 
  -0.039 
  -0.091 
   0.005 
   0.008 
   0.068 
  -0.066 
  -0.098 
  -0.035 
   0.123 
  -0.228 
  -0.004 
  -0.192 
  -0.013 
  -0.042 
  -0.008 
   0.053 
   0.012 
   0.080 
  -0.362 
   0.514 
   0.019 
   0.038 
   0.118 
   0.129 
   0.130 
  -0.194 
   0.235 
  -0.069 
   0.042 
   0.105 
  -0.410 
   0.425 
  -0.181 
   0.058 
  -0.312 
  -0.213 
   0.037 
  -0.022 
  -0.026 
   0.011 
   0.053 
  -0.089 
   0.037 
  -0.138 
  -0.195 
   0.106 
  -0.093 
   0.081 
  -0.092 
  -0.090 
  -0.042 
   0.157 
   0.202 
   0.044 
  -0.219 
   0.133 
   0.170 
  -0.142 
  -0.151 
   0.148 
  -0.227 
   0.086 
   0.098 
  -0.180 
   0.456 
  -0.042 
   0.064 
   0.372 
   0.226 
   0.219 
  -0.278 
  -0.031 
   0.076 
   0.050 
  -0.010 
  -0.033 
   0.001 
  -0.112 
   0.095 
  -0.308 
   0.433 
  -0.132 
  -0.120 
   0.063 
   0.024 
  -0.110 
   0.341 
  -0.033 
   0.093 
  -0.026 
  -0.172 
  -0.022 
   0.083 
  -0.040 
   0.065 
   0.067 
   0.048 
  -0.058 
  -0.053 
  -0.064 
  -0.026 
  -0.140 
   0.047 
   0.031 
  -0.205 
   0.006 
  -0.276 
   0.161 
   0.178 
  -0.019 
  -0.252 
   0.262 
   0.249 
  -0.113 
  -0.232 
   0.126 
  -0.035 
   0.010 
  -0.010 
  -0.091 
  -0.064 
   0.095 
  -0.055 
   0.112 
  -0.176 
  -0.003 
   0.036 
  -0.196 
   0.283 
  -0.144 
   0.130 
   0.089 
   0.147 
  -0.066 
   0.064 
  -0.117 
   0.088 
  -0.337 
  -0.379 
   0.457 
   0.366 
  -0.039 
  -0.039 
  -0.050 
   0.048 
   0.023 
  -0.092 
   0.187 
  -0.404 
  -0.078 
  -0.000 
   0.104 
  -0.148 
   0.052 
   0.060 
   0.144 
  -0.139 
  -0.086 
  -0.031 
   0.054 
  -0.020 
  -0.125 
   0.208 
  -0.166 
  -0.142 
   0.051 
   0.184 
  -0.063 
   0.152 
  -0.045 
   0.002 
   0.104 
   0.058 
   0.032 
  -0.098 
  -0.083 
   0.010 
  -0.068 
  -0.153 
  -0.005 
   0.108 
   0.086 
   0.019 
  -0.141 
  -0.092 
   0.012 
   0.244 
  -0.090 
   0.124 
   0.227 
   0.127 
   0.197 
   0.045 
   0.011 
  -0.029 
   0.110 
   0.233 
  -0.113 
   0.249 
  -0.124 
   0.039 
  -0.227 
  -0.177 
   0.184 
   0.042 
   0.076 
  -0.021 
  -0.169 
   0.225 
   0.122 
  -0.078 
  -0.052 
   0.421 
  -0.249 
   0.394 
  -0.261 
  -0.031 
   0.062 
   0.100 
  -0.030 
   0.081 
  -0.018 
   0.010 
   0.280 
   0.102 
  -0.349 
   0.060 
  -0.010 
  -0.061 
  -0.159 
   0.062 
   0.142 
  -0.113 
   0.217 
  -0.035 
   0.035 
   0.047 
  -0.088 
  -0.171 
   0.141 
   0.027 
  -0.129 
  -0.145 
   0.032 
   0.206 
  -0.048 
   0.104 
  -0.166 
  -0.286 
  -0.089 
   0.204 
  -0.245 
  -0.093 
  -0.000 
   0.096 
  -0.241 
   0.344 
  -0.045 
   0.317 
  -0.141 
   0.056 
   0.239 
  -0.162 
   0.035 
   0.170 
  -0.361 
   0.336 
  -0.023 
   0.224 
   0.613 
   0.230 
  -0.205 
   0.116 
  -0.380 
   0.165 
   0.208 
  -0.106 
   0.124 
   0.015 
   0.037 
  -0.076 
  -0.048 
   0.117 
  -0.051 
   0.115 
  -0.171 
  -0.114 
  -0.159 
   0.085 
  -0.009 
   0.041 
   0.114 
   0.101 
   0.121 
  -0.298 
   0.177 
  -0.279 
   0.094 
  -0.237 
  -0.236 
   0.125 
   0.205 
  -0.106 
  -0.240 
   0.182 
   0.164 
  -0.078 
  -0.077 
   0.318 
   0.164 
  -0.232 
  -0.210 
   0.156 
  -0.068 
   0.184 
  -0.228 
   0.319 
   0.430 
   0.325 
   0.084 
   0.024 
  -0.043 
  -0.115 
   0.014 
  -0.093 
   0.046 
   0.238 
   0.146 
   0.089 
  -0.231 
   0.255 
  -0.267 
   0.051 
   0.027 
   0.086 
  -0.125 
  -0.179 
  -0.105 
  -0.117 
  -0.005 
  -0.111 
  -0.255 
   0.273 
  -0.089 
  -0.000 
  -0.349 
  -0.094 
   0.129 
  -0.005 
   0.011 
   0.143 
  -0.315 
  -0.327 
   0.203 
  -0.269 
   0.122 
   0.124 
   0.017 
  -0.042 
  -0.096 
   0.001 
  -0.118 
  -0.010 
  -0.043 
  -0.057 
  -0.061 
   0.044 
   0.027 
  -0.240 
   0.100 
   0.139 
  -0.321 
   0.402 
  -0.124 
   0.191 
  -0.021 
  -0.101 
   0.033 
  -0.222 
   0.039 
  -0.171 
  -0.222 
  -0.298 
   0.093 
   0.114 
   0.037 
   0.024 
  -0.429 
  -0.382 
  -0.130 
  -0.002 
   0.034 
   0.111 
  -0.396 
  -0.102 
   0.187 
   0.308 
   0.173 
  -0.126 
  -0.040 
   0.054 
   0.044 
  -0.167 
  -0.103 
   0.102 
   0.115 
  -0.009 
  -0.068 
   0.045 
   0.060 
  -0.154 
   0.177 
  -0.002 
   0.115 
  -0.370 
  -0.305 
  -0.171 
   0.006 
  -0.107 
   0.035 
  -0.135 
  -0.008 
   0.212 
  -0.034 
  -0.185 
  -0.122 
  -0.001 
   0.006 
   0.056 
  -0.024 
   0.252 
   0.092 
  -0.072 
  -0.067 
   0.015 
   0.150 
  -0.055 
  -0.049 
  -0.059 
  -0.062 
   0.003 
   0.080 
  -0.061 
   0.044 
  -0.134 
  -0.205 
   0.050 
  -0.232 
   0.050 
  -0.079 
   0.074 
   0.164 
   0.129 
  -0.156 
   0.040 
   0.066 
  -0.118 
  -0.234 
   0.062 
   0.003 
  -0.203 
  -0.115 
  -0.117 
  -0.073 
  -0.143 
   0.307 
  -0.245 
  -0.054 
   0.002 
  -0.001 
  -0.048 
  -0.064 
   0.094 
   0.069 
   0.209 
   0.010 
  -0.148 
   0.002 
   0.031 
   0.006 
  -0.170 
  -0.240 
   0.102 
  -0.122 
   0.028 
   0.174 
  -0.071 
  -0.180 
  -0.042 
   0.012 
  -0.068 
   0.283 
  -0.074 
  -0.153 
   0.036 
  -0.077 
   0.030 
  -0.167 
  -0.213 
  -0.143 
  -0.132 
   0.303 
  -0.100 
  -0.025 
   0.027 
   0.020 
  -0.200 
   0.119 
  -0.216 
  -0.124 
  -0.019 
   0.042 
  -0.045 
  -0.183 
   0.064 
  -0.010 
  -0.128 
  -0.204 
   0.020 
  -0.007 
  -0.028 
   0.169 
   0.225 
   0.136 
  -0.016 
  -0.007 
   0.067 
  -0.078 
  -0.003 
   0.027 
  -0.149 
   0.094 
  -0.027 
  -0.045 
   0.182 
   0.204 
  -0.048 
  -0.052 
   0.063 
   0.010 
  -0.141 
  -0.062 
   0.026 
  -0.124 
   0.118 
  -0.012 
  -0.240 
   0.047 
   0.035 
   0.100 
  -0.128 
  -0.015 
  -0.232 
   0.644 
  -0.370 
  -0.182 
   0.277 
   0.222 
  -0.153 
   0.115 
   0.131 
  -0.021 
   0.180 
   0.217 
  -0.066 
   0.145 
  -0.168 
   0.089 
   0.042 
  -0.058 
  -0.064 
   0.109 
  -0.019 
  -0.189 
   0.248 
   0.261 
   0.071 
  -0.190 
   0.290 
  -0.046 
  -0.267 
   0.162 
  -0.154 
  -0.302 
  -0.015 
   0.156 
  -0.004 
  -0.053 
   0.186 
  -0.139 
   0.055 
   0.147 
  -0.057 
   0.196 
  -0.108 
  -0.244 
   0.582 
   0.582 
   0.683 
  -0.157 
  -0.050 
   0.079 
   0.044 
  -0.044 
  -0.292 
   0.164 
   0.001 
  -0.034 
   0.108 
  -0.103 
   0.249 
  -0.227 
  -0.058 
  -0.087 
  -0.079 
   0.067 
  -0.203 
   0.132 
  -0.196 
  -0.089 
   0.012 
  -0.067 
   0.157 
  -0.046 
  -0.157 
   0.187 
   0.130 
  -0.397 
   0.305 
  -0.167 
  -0.031 
  -0.155 
  -0.067 
   0.058 
  -0.164 
  -0.030 
  -0.067 
   0.146 
   0.033 
  -0.055 
  -0.166 
   0.145 
  -0.067 
   0.285 
   0.255 
  -0.074 
   0.318 
  -0.145 
   0.055 
  -0.145 
  -0.129 
   0.095 
  -0.142 
   0.030 
  -0.067 
  -0.060 
   0.115 
   0.016 
  -0.049 
   0.132 
  -0.038 
  -0.026 
  -0.047 
  -0.051 
   0.040 
  -0.048 
  -0.142 
   0.135 
   0.142 
  -0.253 
  -0.082 
   0.209 
  -0.044 
   0.594 
   0.375 
  -0.071 
   0.026 
   0.020 
   0.019 
   0.008 
   0.036 
   0.058 
  -0.062 
   0.108 
  -0.021 
   0.323 
  -0.257 
  -0.014 
  -0.041 
   0.205 
   0.044 
   0.218 
   0.031 
  -0.173 
  -0.245 
  -0.113 
   0.188 
  -0.159 
   0.152 
  -0.254 
   0.401 
   0.556 
   0.631 
  -0.225 
   0.010 
  -0.026 
   0.132 
  -0.037 
   0.021 
  -0.061 
  -0.308 
  -0.141 
  -0.010 
  -0.042 
   0.170 
  -0.131 
   0.142 
   0.131 
   0.066 
   0.096 
   0.023 
  -0.057 
   0.078 
   0.244 
   0.141 
   0.063 
  -0.243 
  -0.022 
  -0.195 
   0.165 
   0.141 
  -0.021 
  -0.049 
   0.098 
  -0.160 
   0.492 
   0.474 
   0.485 
  -0.177 
  -0.028 
   0.031 
  -0.054 
  -0.055 
   0.027 
   0.019 
  -0.151 
   0.098 
   0.096 
  -0.058 
   0.062 
  -0.130 
   0.054 
   0.032 
   0.160 
  -0.120 
   0.345 
  -0.228 
   0.031 
   0.050 
  -0.042 
  -0.017 
  -0.177 
   0.145 
   0.341 
   0.071 
   0.041 
  -0.001 
  -0.244 
   0.057 
  -0.183 
   0.309 
   0.187 
   0.115 
  -0.024 
   0.113 
  -0.003 
   0.021 
   0.011 
   0.048 
  -0.111 
   0.090 
  -0.135 
   0.013 
  -0.045 
  -0.018 
   0.104 
  -0.087 
   0.072 
  -0.376 
  -0.404 
  -0.104 
   0.108 
  -0.099 
  -0.168 
   0.102 
   0.074 
  -0.038 
  -0.042 
   0.143 
  -0.288 
   0.073 
   0.206 
  -0.205 
   0.136 
   0.105 
  -0.095 
  -0.036 
   0.027 
  -0.096 
  -0.039 
  -0.022 
  -0.015 
  -0.194 
  -0.313 
   0.393 
   0.262 
   0.121 
  -0.084 
  -0.104 
   0.092 
  -0.109 
  -0.074 
  -0.032 
  -0.202 
   0.071 
   0.120 
  -0.147 
   0.008 
   0.126 
  -0.216 
   0.113 
   0.021 
   0.261 
   0.331 
  -0.119 
   0.041 
  -0.101 
  -0.068 
   0.047 
  -0.038 
  -0.035 
  -0.176 
   0.033 
   0.248 
  -0.027 
   0.239 
  -0.070 
   0.077 
  -0.065 
  -0.049 
   0.109 
  -0.063 
   0.094 
  -0.008 
  -0.201 
  -0.240 
  -0.260 
   0.345 
  -0.133 
  -0.066 
  -0.000 
  -0.033 
  -0.056 
  -0.231 
   0.138 
   0.356 
  -0.306 
  -0.356 
   0.283 
  -0.229 
   0.047 
  -0.087 
  -0.368 
  -0.215 
  -0.111 
   0.069 
  -0.017 
  -0.028 
  -0.093 
  -0.158 
   0.067 
   0.016 
   0.073 
  -0.015 
   0.072 
   0.495 
  -0.276 
   0.643 
  -0.303 
   0.051 
  -0.153 
  -0.030 
   0.183 
   0.043 
  -0.051 
   0.191 
   0.278 
   0.090 
  -0.267 
   0.237 
  -0.263 
   0.012 
  -0.042 
   0.032 
   0.034 
   0.123 
  -0.007 
   0.302 
   0.033 
  -0.108 
   0.017 
  -0.056 
   0.011 
  -0.230 
   0.491 
   0.209 
  -0.356 
   0.186 
  -0.119 
  -0.113 
   0.327 
   0.271 
   0.205 
  -0.154 
   0.101 
   0.034 
   0.291 
   0.165 
  -0.180 
   0.049 
   0.100 
   0.218 
   0.198 
   0.225 
  -0.163 
  -0.014 
  -0.154 
  -0.010 
   0.546 
   0.116 
  -0.024 
   0.139 
   0.044 
  -0.342 
  -0.335 
  -0.131 
   0.304 
  -0.097 
  -0.187 
   0.124 
   0.029 
  -0.187 
  -0.066 
   0.020 
   0.051 
  -0.128 
  -0.104 
   0.005 
  -0.064 
   0.083 
  -0.207 
   0.037 
   0.000 
  -0.032 
   0.052 
  -0.080 
   0.202 
  -0.037 
   0.073 
   0.168 
  -0.100 
  -0.057 
   0.039 
   0.006 
   0.038 
   0.082 
  -0.094 
   0.140 
  -0.047 
  -0.030 
  -0.003 
  -0.207 
  -0.004 
  -0.138 
   0.018 
   0.160 
   0.102 
  -0.019 
  -0.110 
   0.044 
   0.029 
  -0.177 
  -0.053 
   0.150 
  -0.027 
   0.019 
   0.101 
   0.135 
   0.078 
  -0.125 
  -0.057 
  -0.083 
   0.091 
  -0.057 
  -0.094 
  -0.010 
  -0.023 
   0.060 
  -0.086 
  -0.079 
   0.018 
  -0.033 
   0.120 
  -0.003 
   0.214 
  -0.017 
  -0.044 
   0.071 
  -0.192 
   0.183 
   0.112 
  -0.005 
  -0.237 
   0.242 
   0.018 
  -0.196 
   0.088 
   0.169 
  -0.019 
  -0.000 
  -0.222 
  -0.394 
   0.642 
  -0.433 
   0.385 
   0.036 
   0.334 
   0.273 
  -0.241 
  -0.065 
  -0.073 
   0.125 
  -0.090 
  -0.189 
  -0.093 
   0.240 
   0.003 
  -0.069 
   0.100 
   0.074 
   0.027 
  -0.028 
   0.127 
  -0.014 
  -0.014 
  -0.088 
  -0.145 
  -0.079 
  -0.088 
   0.115 
  -0.076 
  -0.002 
   0.037 
  -0.110 
   0.039 
   0.019 
  -0.072 
  -0.131 
  -0.120 
   0.082 
   0.043 
   0.007 
   0.121 
   0.035 
  -0.072 
   0.022 
  -0.029 
   0.362 
   0.007 
  -0.149 
   0.108 
  -0.344 
   0.027 
   0.024 
   0.035 
   0.006 
  -0.047 
   0.076 
  -0.113 
  -0.067 
   0.436 
   0.539 
   0.235 
  -0.135 
   0.048 
   0.017 
  -0.032 
   0.149 
  -0.034 
   0.163 
   0.081 
  -0.037 
   0.110 
   0.136 
  -0.071 
   0.020 
  -0.017 
  -0.124 
  -0.207 
  -0.012 
   0.034 
   0.246 
   0.054 
   0.066 
  -0.031 
  -0.070 
   0.001 
   0.333 
  -0.078 
  -0.102 
   0.030 
   0.007 
  -0.061 
   0.008 
   0.007 
  -0.185 
  -0.245 
   0.035 
   0.128 
  -0.009 
   0.143 
  -0.238 
   0.517 
   0.004 
  -0.025 
  -0.121 
   0.215 
  -0.104 
   0.233 
  -0.146 
  -0.099 
  -0.147 
   0.095 
   0.483 
  -0.157 
   0.116 
   0.516 
   0.220 
  -0.276 
   0.148 
  -0.014 
  -0.208 
   0.159 
   0.552 
  -0.331 
  -0.111 
   0.079 
  -0.071 
  -0.148 
   0.114 
  -0.001 
  -0.060 
   0.342 
   0.329 
  -0.184 
   0.041 
  -0.032 
   0.075 
  -0.049 
   0.016 
  -0.059 
   0.079 
   0.144 
  -0.182 
  -0.055 
  -0.025 
  -0.056 
   0.020 
   0.067 
  -0.013 
   0.028 
   0.046 
  -0.020 
   0.052 
  -0.034 
   0.109 
  -0.424 
   0.115 
  -0.084 
   0.272 
   0.128 
  -0.215 
   0.411 
   0.039 
  -0.074 
  -0.247 
  -0.102 
   0.090 
   0.050 
   0.155 
  -0.136 
  -0.036 
   0.079 
  -0.105 
   0.103 
  -0.049 
  -0.061 
  -0.062 
  -0.086 
  -0.035 
  -0.159 
  -0.030 
   0.037 
   0.011 
   0.049 
  -0.074 
  -0.265 
  -0.055 
  -0.168 
  -0.047 
   0.151 
  -0.349 
  -0.412 
   0.006 
   0.024 
  -0.005 
   0.050 
  -0.046 
  -0.020 
  -0.105 
   0.260 
   0.174 
  -0.094 
  -0.096 
   0.026 
  -0.133 
  -0.194 
  -0.016 
   0.040 
   0.088 
   0.085 
  -0.012 
   0.111 
   0.196 
  -0.318 
   0.298 
  -0.178 
   0.123 
  -0.068 
  -0.031 
   0.149 
  -0.012 
   0.092 
   0.043 
  -0.196 
  -0.223 
   0.073 
   0.042 
   0.097 
  -0.182 
   0.211 
   0.078 
   0.201 
  -0.166 
   0.178 
  -0.064 
  -0.038 
  -0.085 
  -0.001 
  -0.074 
   0.015 
   0.036 
  -0.032 
  -0.089 
   0.087 
  -0.039 
  -0.046 
  -0.048 
  -0.181 
  -0.202 
   0.120 
   0.163 
  -0.119 
  -0.059 
  -0.032 
  -0.015 
   0.032 
   0.050 
   0.101 
  -0.133 
   0.356 
   0.443 
   0.348 
  -0.043 
  -0.029 
  -0.103 
   0.142 
   0.150 
   0.036 
  -0.197 
   0.085 
  -0.250 
  -0.199 
   0.116 
  -0.044 
   0.119 
  -0.046 
  -0.370 
  -0.350 
   0.356 
  -0.406 
   0.192 
  -0.006 
   0.443 
   0.479 
   0.136 
  -0.142 
   0.050 
  -0.166 
  -0.201 
  -0.004 
  -0.088 
   0.051 
  -0.068 
  -0.181 
  -0.277 
   0.257 
  -0.181 
   0.287 
  -0.081 
   0.142 
   0.127 
   0.012 
  -0.097 
  -0.029 
   0.017 
  -0.127 
  -0.201 
   0.033 
   0.037 
   0.075 
  -0.072 
   0.083 
  -0.029 
  -0.252 
   0.006 
   0.009 
  -0.352 
   0.198 
   0.211 
  -0.065 
  -0.236 
   0.198 
  -0.002 
  -0.080 
   0.106 
  -0.034 
   0.322 
  -0.241 
  -0.004 
  -0.199 
  -0.233 
   0.154 
  -0.246 
   0.160 
   0.142 
  -0.115 
  -0.270 
   0.173 
  -0.204 
   0.207 
   0.179 
  -0.290 
  -0.361 
  -0.267 
   0.468 
  -0.310 
  -0.019 
  -0.128 
  -0.194 
   0.092 
  -0.098 
   0.094 
  -0.017 
   0.023 
  -0.030 
  -0.205 
   0.238 
  -0.006 
   0.060 
  -0.089 
  -0.170 
   0.019 
  -0.093 
   0.112 
   0.248 
  -0.021 
  -0.160 
   0.047 
  -0.050 
  -0.057 
   0.115 
  -0.041 
  -0.082 
   0.075 
  -0.113 
   0.078 
  -0.258 
   0.200 
   0.210 
  -0.043 
  -0.133 
   0.311 
  -0.153 
  -0.336 
  -0.195 
  -0.325 
   0.327 
  -0.197 
   0.003 
  -0.006 
   0.030 
  -0.047 
  -0.171 
   0.289 
  -0.180 
   0.005 
   0.163 
  -0.075 
   0.119 
   0.001 
   0.019 
  -0.100 
  -0.228 
  -0.009 
   0.027 
   0.095 
  -0.387 
   0.105 
   0.145 
  -0.110 
  -0.289 
   0.278 
   0.047 
  -0.054 
  -0.079 
   0.092 
  -0.116 
   0.146 
   0.060 
  -0.066 
  -0.019 
   0.103 
  -0.162 
  -0.025 
   0.007 
  -0.125 
   0.123 
  -0.401 
   0.288 
  -0.226 
  -0.009 
  -0.380 
   0.212 
   0.007 
  -0.018 
   0.075 
  -0.016 
  -0.064 
   0.085 
  -0.018 
  -0.039 
   0.289 
   0.147 
  -0.189 
   0.164 
   0.059 
  -0.250 
   0.054 
   0.053 
  -0.247 
   0.447 
  -0.251 
  -0.080 
   0.641 
  -0.258 
  -0.024 
  -0.116 
   0.005 
   0.144 
  -0.031 
  -0.001 
   0.301 
  -0.304 
  -0.124 
   0.213 
  -0.026 
   0.149 
  -0.214 
   0.023 
   0.054 
  -0.041 
   0.184 
  -0.122 
   0.033 
   0.032 
   0.114 
   0.114 
  -0.157 
   0.044 
  -0.029 
   0.092 
   0.047 
  -0.065 
  -0.019 
  -0.016 
   0.217 
  -0.173 
   0.071 
   0.300 
   0.167 
   0.068 
  -0.146 
  -0.052 
   0.076 
  -0.304 
   0.031 
   0.105 
  -0.393 
   0.237 
   0.128 
  -0.035 
   0.130 
   0.081 
   0.072 
  -0.348 
   0.161 
  -0.116 
  -0.289 
  -0.138 
  -0.047 
   0.293 
  -0.415 
  -0.122 
   0.292 
   0.169 
   0.120 
   0.118 
  -0.054 
  -0.174 
  -0.211 
  -0.053 
   0.068 
   0.006 
   0.061 
   0.091 
  -0.346 
  -0.037 
   0.136 
   0.190 
  -0.262 
   0.005 
   0.062 
   0.184 
  -0.300 
   0.338 
  -0.227 
  -0.113 
  -0.159 
  -0.083 
  -0.024 
  -0.076 
   0.060 
   0.007 
   0.152 
   0.075 
  -0.110 
   0.090 
  -0.069 
   0.146 
   0.226 
  -0.321 
  -0.223 
  -0.163 
   0.139 
  -0.176 
  -0.063 
   0.052 
   0.084 
  -0.006 
  -0.123 
   0.069 
  -0.131 
   0.097 
  -0.129 
  -0.088 
   0.178 
  -0.223 
   0.123 
   0.010 
   0.058 
   0.369 
   0.518 
  -0.447 
   0.163 
   0.131 
   0.065 
  -0.004 
  -0.045 
  -0.088 
  -0.303 
   0.068 
   0.111 
   0.053 
   0.009 
   0.128 
  -0.051 
   0.458 
   0.546 
   0.410 
  -0.274 
  -0.049 
  -0.221 
  -0.134 
  -0.160 
   0.216 
  -0.094 
   0.098 
  -0.260 
  -0.235 
   0.085 
  -0.308 
   0.083 
  -0.100 
  -0.040 
  -0.054 
  -0.187 
   0.128 
   0.073 
   0.139 
  -0.288 
  -0.178 
   0.082 
   0.003 
  -0.004 
  -0.025 
  -0.212 
  -0.220 
   0.154 
  -0.160 
   0.099 
  -0.116 
   0.115 
   0.260 
  -0.307 
   0.234 
  -0.125 
   0.066 
   0.166 
   0.090 
  -0.004 
   0.027 
  -0.114 
  -0.118 
   0.176 
   0.135 
  -0.086 
   0.271 
  -0.075 
   0.225 
  -0.312 
  -0.205 
   0.605 
   0.418 
  -0.132 
  -0.305 
  -0.101 
   0.202 
  -0.101 
   0.013 
   0.129 
   0.229 
   0.067 
  -0.099 
  -0.069 
  -0.011 
  -0.007 
   0.171 
   0.179 
  -0.052 
   0.061 
  -0.048 
   0.100 
   0.015 
  -0.061 
   0.027 
  -0.205 
   0.000 
  -0.093 
   0.167 
   0.133 
  -0.158 
   0.157 
   0.081 
  -0.017 
  -0.035 
   0.037 
   0.189 
  -0.187 
   0.198 
   0.095 
  -0.147 
   0.024 
   0.088 
  -0.141 
   0.088 
  -0.043 
  -0.227 
  -0.177 
   0.117 
  -0.284 
   0.176 
  -0.047 
  -0.064 
  -0.054 
  -0.297 
   0.376 
  -0.163 
  -0.197 
   0.244 
   0.375 
  -0.248 
   0.225 
  -0.196 
  -0.098 
   0.178 
   0.133 
  -0.186 
   0.265 
  -0.071 
  -0.048 
  -0.125 
  -0.189 
  -0.176 
   0.157 
  -0.139 
   0.019 
   0.050 
   0.076 
  -0.275 
   0.237 
  -0.159 
  -0.123 
  -0.027 
   0.017 
   0.058 
  -0.072 
  -0.077 
   0.275 
   0.036 
   0.185 
  -0.405 
   0.240 
  -0.348 
   0.001 
   0.683 
   0.640 
   0.511 
   0.200 
  -0.017 
   0.126 
   0.090 
  -0.141 
  -0.044 
   0.154 
  -0.241 
   0.117 
   0.104 
  -0.156 
  -0.105 
   0.056 
   0.238 
  -0.181 
  -0.208 
   0.006 
  -0.070 
  -0.138 
  -0.003 
  -0.027 
   0.067 
   0.081 
  -0.235 
   0.076 
  -0.032 
  -0.086 
  -0.007 
  -0.043 
  -0.160 
  -0.099 
   0.078 
  -0.061 
  -0.206 
   0.069 
   0.027 
  -0.048 
   0.031 
  -0.335 
  -0.324 
  -0.235 
   0.228 
  -0.115 
   0.200 
  -0.052 
   0.095 
   0.108 
  -0.294 
  -0.026 
   0.107 
   0.155 
  -0.053 
  -0.175 
   0.064 
   0.084 
   0.182 
  -0.026 
   0.029 
   0.160 
  -0.165 
   0.016 
  -0.001 
   0.060 
   0.008 
   0.009 
  -0.196 
   0.209 
  -0.142 
  -0.072 
   0.043 
  -0.059 
  -0.096 
  -0.083 
  -0.014 
   0.048 
   0.083 
  -0.088 
   0.499 
  -0.214 
  -0.134 
   0.438 
   0.300 
   0.216 
  -0.212 
   0.185 
  -0.048 
  -0.102 
   0.063 
   0.269 
  -0.274 
   0.100 
   0.126 
  -0.188 
  -0.260 
   0.107 
  -0.132 
   0.111 
   0.083 
  -0.092 
  -0.007 
   0.050 
   0.071 
  -0.047 
  -0.074 
  -0.061 
   0.265 
  -0.239 
   0.533 
  -0.167 
  -0.020 
  -0.326 
  -0.406 
   0.213 
  -0.205 
   0.183 
   0.062 
  -0.199 
  -0.238 
   0.174 
  -0.048 
   0.017 
  -0.100 
   0.315 
   0.330 
  -0.071 
  -0.271 
   0.074 
  -0.133 
  -0.202 
   0.038 
   0.107 
  -0.090 
   0.154 
   0.070 
   0.004 
  -0.146 
   0.003 
   0.208 
   0.087 
  -0.030 
   0.309 
   0.352 
   0.330 
  -0.206 
   0.029 
   0.159 
   0.241 
  -0.230 
   0.365 
  -0.302 
  -0.045 
   0.011 
   0.013 
  -0.049 
   0.103 
   0.095 
   0.254 
  -0.399 
  -0.205 
   0.216 
   0.026 
   0.035 
  -0.063 
   0.153 
   0.158 
  -0.061 
  -0.041 
   0.124 
  -0.204 
  -0.305 
   0.199 
  -0.159 
   0.235 
  -0.103 
   0.066 
   0.060 
  -0.216 
   0.099 
   0.065 
   0.043 
   0.053 
   0.154 
   0.112 
  -0.217 
  -0.025 
  -0.192 
   0.301 
   0.319 
   0.585 
  -0.251 
  -0.086 
  -0.220 
  -0.190 
   0.046 
  -0.067 
   0.162 
   0.008 
   0.099 
  -0.040 
  -0.106 
  -0.089 
   0.179 
   0.200 
   0.007 
  -0.145 
   0.079 
  -0.027 
   0.048 
  -0.132 
   0.045 
   0.192 
  -0.187 
   0.107 
  -0.032 
   0.261 
  -0.128 
   0.132 
  -0.037 
   0.052 
   0.062 
   0.020 
  -0.178 
  -0.066 
   0.045 
   0.065 
   0.078 
  -0.054 
  -0.006 
  -0.323 
   0.169 
  -0.014 
  -0.143 
  -0.257 
  -0.004 
   0.068 
  -0.108 
   0.096 
  -0.089 
   0.040 
   0.155 
   0.021 
   0.003 
   0.137 
   0.028 
   0.011 
   0.029 
  -0.131 
  -0.011 
  -0.071 
  -0.061 
   0.094 
   0.077 
  -0.070 
   0.095 
   0.052 
   0.049 
   0.015 
   0.017 
  -0.081 
   0.002 
   0.247 
  -0.349 
  -0.219 
   0.144 
  -0.188 
  -0.019 
  -0.031 
   0.079 
   0.111 
  -0.058 
   0.103 
   0.014 
   0.402 
  -0.180 
  -0.194 
  -0.135 
   0.234 
  -0.288 
   0.057 
   0.017 
  -0.064 
   0.005 
  -0.222 
   0.084 
  -0.162 
   0.126 
   0.184 
  -0.132 
  -0.077 
  -0.084 
  -0.147 
   0.176 
   0.180 
   0.004 
  -0.049 
   0.021 
  -0.144 
   0.143 
   0.069 
  -0.086 
  -0.046 
   0.199 
   0.041 
   0.000 
   0.051 
   0.028 
  -0.266 
   0.228 
   0.232 
  -0.257 
  -0.331 
   0.199 
  -0.395 
   0.157 
  -0.048 
  -0.076 
  -0.089 
   0.114 
  -0.137 
   0.102 
   0.133 
  -0.109 
   0.185 
  -0.033 
   0.203 
  -0.192 
  -0.231 
  -0.107 
  -0.001 
  -0.038 
  -0.087 
   0.070 
  -0.058 
   0.203 
   0.216 
  -0.205 
   0.022 
   0.037 
  -0.235 
  -0.093 
  -0.025 
  -0.083 
   0.033 
   0.009 
   0.081 
   0.123 
   0.042 
  -0.187 
  -0.091 
  -0.073 
   0.020 
  -0.379 
   0.198 
   0.110 
   0.129 
  -0.016 
  -0.103 
  -0.010 
  -0.064 
  -0.122 
  -0.231 
  -0.157 
   0.006 
   0.041 
   0.109 
  -0.036 
   0.104 
   0.260 
   0.009 
   0.034 
  -0.157 
  -0.182 
   0.075 
   0.316 
   0.028 
   0.018 
   0.042 
  -0.179 
  -0.193 
   0.044 
   0.081 
   0.029 
   0.016 
  -0.036 
  -0.113 
   0.099 
  -0.043 
   0.243 
  -0.132 
   0.285 
  -0.052 
  -0.075 
   0.076 
  -0.162 
   0.022 
  -0.091 
   0.137 
   0.088 
  -0.217 
  -0.082 
   0.176 
  -0.025 
   0.083 
  -0.069 
  -0.092 
   0.000 
  -0.011 
   0.125 
  -0.070 
   0.395 
  -0.292 
   0.408 
  -0.378 
  -0.157 
   0.057 
   0.135 
  -0.156 
   0.046 
   0.096 
  -0.097 
  -0.096 
   0.073 
  -0.259 
   0.215 
  -0.238 
   0.173 
   0.145 
   0.238 
   0.033 
  -0.083 
  -0.114 
  -0.171 
   0.052 
   0.113 
  -0.007 
   0.008 
   0.010 
   0.048 
  -0.150 
   0.036 
   0.195 
  -0.059 
   0.075 
  -0.027 
   0.300 
   0.299 
  -0.187 
  -0.060 
   0.091 
  -0.147 
  -0.138 
  -0.046 
   0.005 
  -0.099 
   0.104 
   0.077 
   0.009 
  -0.045 
   0.094 
  -0.042 
   0.287 
   0.213 
   0.040 
   0.021 
  -0.273 
   0.010 
  -0.160 
  -0.017 
  -0.118 
  -0.119 
   0.123 
   0.051 
  -0.027 
  -0.055 
   0.086 
   0.151 
   0.060 
   0.074 
   0.054 
  -0.008 
   0.182 
   0.080 
  -0.057 
  -0.073 
   0.107 
   0.148 
  -0.256 
   0.029 
   0.168 
  -0.388 
   0.117 
   0.023 
  -0.215 
  -0.078 
   0.095 
   0.165 
  -0.001 
   0.039 
  -0.282 
  -0.124 
   0.038 
   0.165 
  -0.083 
  -0.150 
   0.412 
   0.352 
   0.014 
  -0.060 
   0.108 
  -0.195 
  -0.217 
  -0.053 
   0.047 
   0.108 
  -0.055 
   0.266 
  -0.151 
  -0.237 
  -0.005 
  -0.033 
  -0.095 
   0.099 
  -0.043 
   0.022 
   0.045 
   0.001 
   0.105 
   0.046 
  -0.209 
  -0.244 
   0.117 
  -0.058 
   0.236 
   0.072 
  -0.288 
  -0.303 
  -0.132 
  -0.099 
   0.044 
   0.128 
   0.080 
   0.355 
  -0.273 
   0.510 
  -0.051 
   0.103 
   0.092 
  -0.079 
   0.236 
  -0.134 
   0.097 
   0.077 
  -0.076 
  -0.096 
  -0.103 
  -0.001 
   0.188 
  -0.372 
  -0.122 
   0.356 
   0.011 
  -0.104 
   0.516 
   0.400 
   0.264 
  -0.250 
   0.125 
  -0.290 
  -0.213 
   0.032 
   0.175 
  -0.091 
   0.134 
   0.065 
  -0.045 
  -0.055 
  -0.074 
  -0.139 
   0.024 
   0.227 
  -0.223 
  -0.309 
   0.366 
  -0.423 
   0.338 
   0.051 
   0.062 
  -0.022 
  -0.004 
   0.081 
   0.154 
  -0.100 
  -0.120 
  -0.123 
  -0.079 
  -0.104 
  -0.005 
  -0.214 
  -0.107 
  -0.038 
  -0.088 
   0.008 
  -0.164 
   0.131 
  -0.169 
  -0.194 
   0.023 
  -0.199 
   0.306 
  -0.197 
   0.226 
   0.300 
  -0.284 
   0.062 
   0.054 
  -0.305 
   0.151 
   0.414 
  -0.388 
   0.290 
  -0.180 
   0.006 
  -0.220 
  -0.256 
   0.262 
  -0.178 
   0.100 
   0.109 
   0.101 
   0.258 
  -0.053 
   0.360 
  -0.122 
   0.108 
   0.152 
  -0.022 
  -0.012 
   0.193 
  -0.096 
   0.179 
  -0.319 
  -0.424 
   0.384 
   0.357 
   0.240 
   0.057 
   0.030 
  -0.047 
  -0.021 
  -0.081 
  -0.083 
  -0.052 
  -0.040 
  -0.079 
  -0.081 
   0.065 
   0.026 
   0.326 
   0.430 
  -0.325 
   0.349 
  -0.152 
   0.027 
  -0.307 
  -0.158 
   0.146 
  -0.105 
   0.019 
   0.184 
   0.542 
   0.463 
   0.326 
  -0.446 
   0.156 
  -0.045 
  -0.234 
  -0.194 
   0.142 
  -0.089 
   0.206 
  -0.320 
   0.091 
   0.119 
  -0.116 
  -0.291 
   0.299 
   0.061 
  -0.007 
  -0.034 
  -0.149 
   0.085 
   0.027 
   0.242 
  -0.361 
  -0.437 
   0.032 
   0.029 
   0.172 
   0.016 
   0.154 
   0.133 
  -0.171 
   0.115 
  -0.080 
   0.047 
  -0.070 
  -0.076 
   0.073 
  -0.035 
   0.063 
   0.024 
   0.087 
   0.021 
  -0.187 
   0.075 
   0.002 
  -0.041 
   0.017 
  -0.012 
  -0.189 
   0.064 
  -0.128 
   0.044 
   0.050 
   0.027 
   0.064 
  -0.067 
  -0.007 
   0.444 
   0.307 
  -0.283 
   0.137 
   0.197 
  -0.127 
  -0.058 
   0.115 
   0.115 
  -0.111 
  -0.092 
   0.158 
  -0.087 
   0.036 
   0.061 
   0.060 
  -0.110 
  -0.111 
  -0.059 
  -0.152 
  -0.141 
  -0.199 
  -0.221 
   0.231 
  -0.154 
   0.274 
   0.091 
   0.426 
   0.293 
   0.086 
   0.021 
   0.007 
  -0.220 
  -0.025 
   0.140 
   0.096 
   0.071 
  -0.007 
   0.089 
   0.272 
   0.259 
   0.550 
  -0.232 
  -0.120 
   0.057 
  -0.007 
  -0.089 
  -0.006 
   0.009 
   0.054 
  -0.194 
   0.182 
   0.281 
  -0.282 
   0.106 
   0.017 
   0.046 
   0.210 
  -0.164 
   0.148 
   0.371 
   0.443 
   0.559 
  -0.067 
  -0.072 
  -0.003 
   0.175 
  -0.132 
   0.097 
  -0.067 
  -0.033 
  -0.071 
   0.054 
  -0.232 
   0.152 
  -0.082 
   0.079 
   0.120 
  -0.075 
  -0.237 
   0.114 
   0.152 
  -0.244 
  -0.359 
   0.536 
   0.487 
  -0.189 
   0.134 
   0.070 
  -0.004 
   0.097 
   0.001 
   0.211 
   0.068 
   0.090 
  -0.207 
   0.112 
  -0.125 
   0.091 
  -0.060 
   0.109 
  -0.066 
   0.272 
  -0.197 
   0.014 
   0.200 
   0.123 
  -0.027 
  -0.160 
  -0.144 
  -0.033 
   0.009 
  -0.071 
  -0.014 
   0.192 
  -0.017 
   0.007 
  -0.036 
  -0.101 
  -0.003 
   0.239 
  -0.081 
   0.126 
  -0.168 
  -0.136 
   0.107 
  -0.157 
   0.077 
  -0.135 
  -0.111 
  -0.039 
  -0.011 
  -0.037 
   0.092 
  -0.137 
   0.145 
   0.110 
  -0.012 
  -0.134 
   0.000 
  -0.302 
   0.269 
   0.355 
  -0.278 
   0.078 
  -0.060 
  -0.002 
  -0.236 
  -0.141 
   0.203 
  -0.133 
   0.089 
   0.029 
  -0.059 
   0.025 
  -0.024 
   0.137 
  -0.045 
  -0.064 
  -0.001 
   0.001 
  -0.004 
  -0.061 
   0.064 
  -0.254 
  -0.130 
   0.010 
   0.030 
  -0.063 
   0.102 
  -0.174 
   0.049 
   0.102 
  -0.182 
   0.178 
   0.096 
  -0.074 
  -0.097 
   0.036 
  -0.082 
  -0.012 
  -0.154 
   0.192 
   0.062 
   0.159 
   0.150 
  -0.144 
  -0.006 
  -0.027 
  -0.042 
  -0.070 
  -0.188 
   0.291 
  -0.096 
  -0.019 
   0.139 
   0.014 
  -0.266 
   0.208 
  -0.250 
   0.059 
  -0.043 
  -0.105 
   0.055 
  -0.170 
   0.047 
  -0.229 
   0.287 
   0.232 
  -0.351 
   0.132 
   0.002 
   0.149 
  -0.258 
  -0.017 
   0.155 
   0.198 
  -0.195 
  -0.125 
   0.071 
   0.548 
  -0.447 
   0.536 
  -0.363 
  -0.125 
   0.166 
   0.159 
  -0.068 
  -0.054 
   0.067 
  -0.230 
   0.044 
   0.079 
   0.049 
  -0.089 
   0.177 
   0.033 
  -0.127 
   0.104 
   0.131 
   0.005 
   0.033 
   0.009 
   0.066 
  -0.033 
  -0.123 
   0.279 
  -0.238 
   0.076 
  -0.392 
  -0.106 
  -0.018 
   0.173 
   0.269 
  -0.071 
  -0.110 
   0.146 
  -0.069 
  -0.018 
  -0.132 
  -0.227 
  -0.137 
   0.012 
  -0.043 
  -0.030 
   0.013 
  -0.015 
  -0.105 
  -0.027 
  -0.229 
  -0.042 
  -0.092 
   0.344 
   0.496 
  -0.374 
   0.585 
  -0.303 
  -0.082 
  -0.048 
   0.074 
  -0.034 
   0.147 
  -0.045 
  -0.220 
  -0.074 
   0.011 
   0.097 
   0.034 
   0.047 
   0.160 
  -0.122 
   0.072 
   0.116 
  -0.134 
  -0.068 
  -0.012 
  -0.045 
   0.084 
  -0.008 
  -0.088 
  -0.048 
   0.109 
  -0.330 
  -0.424 
  -0.029 
   0.435 
  -0.160 
  -0.076 
   0.722 
   0.557 
   0.145 
   0.130 
  -0.074 
  -0.197 
  -0.026 
   0.135 
  -0.123 
   0.044 
   0.012 
   0.221 
  -0.041 
   0.300 
  -0.183 
   0.715 
  -0.439 
   0.031 
   0.128 
   0.363 
  -0.393 
  -0.186 
  -0.014 
  -0.086 
  -0.065 
   0.195 
   0.015 
  -0.036 
  -0.165 
  -0.019 
   0.189 
  -0.067 
  -0.002 
  -0.140 
  -0.033 
   0.166 
   0.035 
  -0.088 
  -0.050 
   0.038 
   0.083 
   0.257 
   0.100 
  -0.048 
  -0.003 
   0.119 
  -0.110 
  -0.221 
   0.430 
   0.247 
   0.080 
  -0.016 
  -0.156 
  -0.013 
  -0.047 
   0.180 
  -0.043 
   0.034 
   0.105 
   0.038 
   0.058 
  -0.081 
  -0.027 
  -0.128 
  -0.000 
  -0.006 
  -0.011 
  -0.112 
   0.193 
  -0.438 
  -0.007 
  -0.130 
   0.176 
  -0.159 
  -0.198 
   0.017 
  -0.050 
   0.254 
  -0.203 
   0.120 
  -0.113 
  -0.167 
   0.064 
  -0.049 
  -0.056 
   0.109 
  -0.146 
  -0.097 
   0.062 
   0.229 
  -0.100 
  -0.116 
   0.208 
   0.163 
  -0.054 
   0.042 
  -0.043 
  -0.059 
  -0.101 
  -0.007 
   0.140 
  -0.133 
   0.149 
   0.069 
  -0.216 
  -0.228 
  -0.008 
   0.277 
  -0.084 
  -0.132 
  -0.106 
   0.015 
   0.149 
  -0.032 
   0.037 
  -0.025 
  -0.114 
  -0.121 
   0.093 
   0.023 
  -0.122 
   0.033 
   0.049 
   0.029 
   0.201 
  -0.156 
   0.089 
  -0.247 
  -0.200 
  -0.116 
  -0.226 
   0.205 
  -0.007 
   0.023 
   0.451 
   0.171 
  -0.301 
   0.028 
   0.050 
   0.028 
  -0.079 
  -0.122 
   0.063 
  -0.045 
   0.183 
   0.071 
  -0.246 
  -0.322 
   0.087 
   0.031 
  -0.008 
  -0.124 
   0.354 
   0.230 
   0.168 
  -0.121 
   0.075 
  -0.170 
   0.279 
   0.356 
   0.136 
   0.006 
  -0.100 
   0.225 
   0.204 
  -0.119 
   0.044 
  -0.024 
   0.177 
   0.068 
  -0.010 
   0.157 
  -0.136 
  -0.018 
   0.104 
  -0.120 
  -0.122 
   0.136 
  -0.322 
   0.090 
   0.059 
  -0.276 
  -0.201 
   0.189 
  -0.057 
  -0.004 
  -0.248 
   0.183 
   0.102 
  -0.221 
  -0.036 
   0.057 
  -0.010 
   0.516 
   0.495 
   0.234 
  -0.186 
   0.115 
   0.207 
   0.039 
   0.073 
  -0.167 
  -0.036 
   0.173 
  -0.017 
  -0.020 
   0.143 
   0.021 
   0.098 
  -0.163 
   0.260 
   0.405 
  -0.353 
   0.565 
  -0.202 
   0.047 
   0.075 
   0.107 
   0.008 
  -0.034 
   0.035 
  -0.135 
  -0.140 
  -0.185 
   0.235 
  -0.202 
   0.054 
   0.059 
  -0.001 
   0.034 
  -0.002 
   0.116 
  -0.095 
  -0.190 
   0.105 
   0.122 
   0.050 
  -0.105 
   0.008 
  -0.345 
  -0.006 
   0.097 
  -0.080 
   0.180 
  -0.076 
  -0.086 
  -0.357 
  -0.122 
   0.456 
  -0.027 
   0.044 
  -0.040 
  -0.046 
  -0.064 
  -0.181 
   0.147 
   0.207 
  -0.003 
   0.026 
  -0.019 
   0.147 
  -0.098 
   0.130 
  -0.271 
  -0.270 
   0.013 
   0.205 
  -0.073 
  -0.103 
   0.301 
   0.098 
  -0.154 
  -0.144 
  -0.138 
   0.072 
   0.042 
   0.035 
  -0.187 
  -0.097 
   0.013 
   0.009 
   0.091 
  -0.026 
  -0.073 
   0.263 
   0.298 
  -0.303 
   0.310 
  -0.081 
  -0.085 
   0.368 
   0.463 
  -0.338 
   0.293 
  -0.125 
   0.194 
  -0.137 
  -0.047 
  -0.008 
  -0.089 
  -0.102 
  -0.121 
  -0.160 
  -0.209 
  -0.055 
   0.175 
  -0.015 
  -0.183 
  -0.088 
  -0.054 
   0.169 
   0.036 
  -0.201 
  -0.012 
   0.003 
  -0.030 
   0.042 
  -0.057 
   0.178 
  -0.158 
  -0.102 
  -0.005 
   0.080 
   0.287 
  -0.106 
   0.027 
   0.159 
   0.194 
  -0.175 
   0.179 
  -0.207 
  -0.051 
  -0.365 
   0.366 
  -0.134 
   0.016 
   0.353 
   0.181 
   0.071 
   0.209 
  -0.079 
  -0.105 
   0.305 
   0.196 
   0.128 
  -0.087 
   0.232 
   0.024 
   0.262 
   0.185 
  -0.136 
   0.025 
   0.023 
   0.075 
  -0.130 
  -0.158 
   0.035 
  -0.004 
   0.023 
  -0.042 
  -0.189 
  -0.129 
   0.019 
  -0.057 
  -0.074 
  -0.015 
  -0.090 
  -0.116 
  -0.077 
   0.040 
   0.173 
  -0.170 
   0.012 
   0.010 
  -0.162 
   0.074 
  -0.133 
   0.052 
  -0.073 
  -0.072 
   0.087 
  -0.171 
   0.032 
  -0.037 
  -0.207 
   0.081 
   0.177 
  -0.024 
   0.015 
  -0.055 
  -0.182 
  -0.096 
   0.057 
  -0.038 
   0.207 
   0.033 
   0.023 
  -0.016 
   0.060 
   0.049 
  -0.030 
   0.150 
   0.223 
  -0.049 
   0.524 
  -0.169 
  -0.038 
  -0.318 
  -0.003 
  -0.024 
   0.091 
  -0.017 
   0.315 
  -0.309 
   0.089 
  -0.100 
   0.053 
   0.014 
   0.010 
   0.008 
  -0.134 
  -0.007 
  -0.197 
  -0.199 
   0.171 
   0.016 
  -0.031 
  -0.043 
   0.030 
   0.008 
  -0.122 
  -0.017 
   0.106 
  -0.033 
  -0.024 
   0.401 
  -0.405 
   0.559 
  -0.439 
  -0.020 
  -0.169 
   0.058 
   0.106 
  -0.051 
   0.052 
  -0.029 
   0.399 
   0.436 
   0.435 
  -0.305 
  -0.112 
   0.216 
   0.201 
  -0.129 
   0.159 
   0.114 
  -0.122 
   0.495 
   0.403 
  -0.397 
   0.208 
  -0.060 
   0.066 
  -0.155 
  -0.156 
  -0.009 
   0.461 
  -0.240 
  -0.068 
  -0.146 
  -0.201 
   0.012 
   0.066 
   0.061 
  -0.017 
  -0.031 
  -0.038 
   0.078 
  -0.104 
   0.094 
   0.012 
  -0.108 
  -0.009 
   0.079 
   0.094 
  -0.068 
   0.276 
   0.046 
   0.301 
  -0.039 
  -0.118 
  -0.160 
  -0.221 
   0.193 
   0.208 
  -0.119 
   0.116 
   0.079 
   0.023 
  -0.040 
   0.091 
   0.059 
  -0.408 
  -0.038 
  -0.080 
   0.469 
   0.465 
   0.288 
  -0.103 
  -0.028 
   0.061 
   0.016 
  -0.090 
  -0.031 
  -0.040 
   0.089 
  -0.073 
  -0.197 
   0.042 
  -0.119 
  -0.137 
   0.039 
   0.074 
   0.082 
  -0.043 
   0.155 
  -0.031 
   0.116 
   0.114 
   0.159 
   0.029 
  -0.077 
  -0.007 
  -0.009 
   0.034 
   0.207 
  -0.009 
   0.117 
  -0.083 
  -0.121 
  -0.070 
   0.075 
  -0.116 
   0.181 
  -0.051 
   0.248 
  -0.091 
   0.045 
   0.128 
  -0.090 
  -0.040 
  -0.113 
   0.004 
   0.055 
   0.138 
  -0.065 
  -0.117 
  -0.113 
  -0.279 
  -0.129 
   0.106 
  -0.119 
   0.085 
   0.052 
  -0.133 
  -0.115 
   0.163 
  -0.133 
   0.149 
  -0.327 
   0.191 
   0.260 
  -0.038 
  -0.024 
   0.071 
   0.087 
   0.034 
   0.048 
   0.222 
   0.001 
  -0.016 
   0.250 
   0.206 
   0.177 
  -0.113 
  -0.070 
   0.093 
   0.089 
  -0.068 
  -0.098 
  -0.032 
   0.185 
  -0.158 
  -0.009 
   0.011 
   0.093 
  -0.184 
   0.134 
  -0.111 
  -0.054 
  -0.007 
   0.027 
   0.063 
  -0.113 
   0.107 
  -0.082 
   0.141 
   0.044 
  -0.033 
  -0.038 
   0.034 
  -0.063 
  -0.367 
  -0.344 
  -0.018 
   0.185 
   0.155 
  -0.006 
   0.027 
  -0.132 
   0.127 
  -0.004 
  -0.100 
  -0.216 
   0.066 
   0.123 
  -0.073 
   0.032 
   0.078 
  -0.044 
   0.011 
   0.061 
   0.003 
   0.100 
  -0.170 
  -0.017 
   0.220 
   0.407 
  -0.294 
   0.122 
   0.001 
  -0.182 
   0.046 
  -0.011 
   0.039 
  -0.073 
  -0.013 
   0.065 
   0.032 
  -0.148 
   0.305 
   0.007 
   0.319 
   0.140 
  -0.203 
  -0.040 
  -0.024 
  -0.194 
   0.105 
   0.136 
  -0.091 
  -0.238 
   0.131 
   0.159 
   0.156 
   0.128 
   0.017 
  -0.131 
   0.125 
   0.081 
   0.093 
   0.078 
  -0.314 
   0.058 
  -0.154 
   0.180 
   0.049 
   0.146 
  -0.023 
   0.055 
  -0.049 
  -0.086 
  -0.239 
  -0.021 
   0.133 
  -0.098 
  -0.033 
   0.142 
  -0.055 
  -0.009 
  -0.072 
  -0.222 
  -0.084 
  -0.102 
   0.450 
   0.471 
   0.443 
  -0.102 
   0.108 
  -0.147 
  -0.060 
   0.144 
  -0.127 
   0.122 
  -0.285 
   0.049 
  -0.010 
  -0.031 
  -0.126 
   0.108 
   0.094 
   0.108 
   0.051 
  -0.043 
  -0.023 
  -0.056 
  -0.124 
   0.024 
   0.083 
  -0.076 
   0.094 
  -0.033 
   0.153 
  -0.041 
   0.060 
   0.036 
   0.006 
  -0.063 
  -0.131 
   0.589 
   0.504 
  -0.144 
   0.428 
  -0.055 
   0.017 
   0.173 
   0.137 
  -0.114 
   0.101 
  -0.052 
  -0.147 
   0.093 
   0.030 
  -0.040 
  -0.092 
   0.118 
   0.058 
  -0.340 
  -0.049 
   0.081 
   0.048 
  -0.066 
   0.008 
   0.013 
   0.060 
  -0.077 
  -0.025 
   0.134 
  -0.157 
  -0.129 
  -0.093 
   0.129 
  -0.184 
  -0.047 
  -0.006 
   0.026 
  -0.131 
   0.145 
  -0.080 
   0.015 
   0.218 
   0.132 
  -0.284 
   0.178 
   0.001 
   0.084 
  -0.116 
  -0.198 
  -0.087 
   0.426 
  -0.146 
  -0.013 
  -0.025 
  -0.065 
   0.106 
  -0.299 
   0.140 
  -0.072 
  -0.038 
   0.047 
  -0.048 
  -0.078 
  -0.007 
   0.190 
  -0.078 
  -0.207 
   0.167 
  -0.317 
   0.167 
  -0.095 
   0.059 
   0.047 
  -0.062 
   0.185 
  -0.126 
   0.147 
  -0.260 
   0.355 
  -0.156 
  -0.138 
   0.032 
   0.064 
   0.077 
   0.009 
  -0.044 
  -0.073 
   0.170 
   0.240 
  -0.206 
   0.277 
  -0.214 
  -0.240 
  -0.024 
   0.210 
  -0.050 
  -0.010 
  -0.145 
   0.093 
  -0.182 
  -0.339 
  -0.043 
   0.089 
   0.122 
  -0.067 
  -0.007 
   0.191 
   0.122 
  -0.006 
   0.060 
  -0.102 
   0.050 
   0.004 
   0.053 
  -0.197 
   0.085 
   0.210 
   0.073 
   0.026 
   0.248 
  -0.164 
  -0.017 
   0.089 
   0.179 
   0.442 
  -0.180 
   0.116 
  -0.145 
  -0.082 
  -0.071 
  -0.188 
  -0.005 
   0.125 
  -0.094 
   0.076 
  -0.366 
  -0.404 
  -0.145 
   0.342 
  -0.163 
  -0.001 
  -0.151 
  -0.215 
   0.075 
  -0.148 
   0.170 
   0.220 
  -0.013 
   0.132 
   0.086 
  -0.174 
   0.035 
  -0.168 
   0.230 
   0.244 
  -0.163 
   0.091 
   0.025 
  -0.021 
   0.113 
   0.236 
  -0.347 
   0.246 
  -0.278 
   0.074 
  -0.013 
  -0.018 
   0.075 
  -0.075 
   0.085 
   0.218 
  -0.053 
   0.174 
   0.003 
  -0.123 
   0.169 
   0.275 
   0.108 
  -0.078 
  -0.052 
  -0.308 
   0.268 
   0.319 
  -0.142 
   0.113 
   0.026 
  -0.172 
  -0.245 
  -0.115 
   0.212 
  -0.128 
   0.232 
   0.075 
  -0.049 
  -0.061 
   0.083 
  -0.288 
   0.151 
  -0.163 
  -0.271 
   0.072 
   0.178 
  -0.071 
   0.029 
  -0.009 
  -0.021 
  -0.063 
   0.004 
  -0.083 
  -0.016 
   0.107 
  -0.031 
  -0.031 
   0.127 
   0.055 
   0.079 
  -0.048 
  -0.100 
  -0.062 
  -0.090 
   0.182 
  -0.062 
  -0.034 
  -0.061 
   0.086 
   0.074 
   0.059 
  -0.011 
   0.006 
  -0.001 
  -0.052 
  -0.001 
   0.087 
   0.064 
   0.094 
  -0.032 
   0.090 
  -0.103 
  -0.085 
  -0.119 
   0.004 
   0.030 
   0.039 
  -0.176 
   0.153 
  -0.088 
   0.212 
   0.021 
  -0.061 
   0.157 
  -0.226 
  -0.071 
  -0.036 
  -0.158 
  -0.103 
   0.056 
   0.252 
  -0.036 
  -0.013 
   0.116 
   0.193 
   0.215 
  -0.015 
   0.041 
   0.002 
   0.010 
  -0.064 
  -0.063 
   0.085 
  -0.074 
   0.161 
   0.005 
  -0.067 
   0.050 
  -0.129 
  -0.006 
  -0.009 
   0.215 
   0.258 
  -0.407 
   0.106 
  -0.069 
   0.113 
  -0.136 
   0.454 
  -0.265 
  -0.120 
  -0.219 
  -0.129 
   0.279 
  -0.034 
  -0.158 
   0.222 
   0.094 
  -0.067 
   0.021 
  -0.083 
   0.029 
  -0.136 
   0.019 
   0.077 
  -0.077 
  -0.042 
  -0.154 
  -0.024 
  -0.037 
  -0.167 
   0.084 
   0.025 
   0.167 
   0.097 
  -0.084 
  -0.049 
   0.318 
  -0.213 
  -0.150 
   0.163 
   0.172 
  -0.099 
   0.078 
  -0.036 
   0.094 
   0.019 
  -0.026 
   0.056 
   0.011 
  -0.024 
  -0.018 
   0.247 
   0.441 
  -0.271 
   0.398 
   0.049 
  -0.433 
   0.023 
   0.162 
  -0.105 
   0.123 
   0.143 
  -0.028 
   0.214 
   0.125 
  -0.168 
  -0.002 
   0.059 
  -0.247 
  -0.034 
   0.117 
  -0.008 
  -0.036 
   0.061 
  -0.148 
   0.127 
   0.173 
  -0.241 
   0.156 
  -0.008 
   0.116 
  -0.310 
   0.002 
   0.141 
   0.013 
  -0.031 
   0.121 
  -0.426 
  -0.320 
   0.042 
  -0.082 
   0.163 
   0.106 
  -0.027 
  -0.073 
   0.041 
  -0.166 
   0.018 
  -0.002 
  -0.010 
  -0.062 
  -0.057 
   0.079 
  -0.057 
  -0.050 
   0.483 
   0.381 
   0.164 
  -0.111 
   0.338 
  -0.035 
  -0.156 
  -0.159 
  -0.089 
   0.054 
  -0.025 
   0.292 
   0.180 
   0.054 
   0.192 
  -0.176 
  -0.073 
   0.100 
  -0.216 
   0.077 
   0.227 
  -0.245 
   0.236 
  -0.170 
   0.233 
   0.198 
  -0.371 
   0.175 
  -0.107 
  -0.242 
  -0.052 
   0.027 
  -0.016 
   0.038 
  -0.157 
   0.121 
   0.653 
   0.472 
   0.150 
  -0.186 
   0.219 
  -0.037 
  -0.047 
   0.049 
   0.190 
  -0.247 
   0.124 
   0.102 
  -0.085 
  -0.029 
  -0.076 
  -0.036 
   0.007 
  -0.080 
  -0.372 
  -0.131 
   0.328 
  -0.029 
  -0.029 
  -0.078 
  -0.069 
   0.115 
  -0.261 
   0.093 
   0.008 
  -0.202 
  -0.164 
   0.000 
  -0.039 
   0.062 
   0.009 
  -0.159 
   0.068 
   0.204 
  -0.136 
  -0.006 
   0.129 
   0.170 
  -0.030 
  -0.022 
   0.036 
   0.096 
   0.205 
   0.027 
   0.013 
   0.103 
  -0.348 
   0.001 
  -0.031 
  -0.140 
  -0.162 
   0.056 
   0.011 
  -0.013 
   0.008 
   0.240 
   0.502 
  -0.381 
   0.564 
  -0.412 
  -0.309 
   0.276 
   0.256 
  -0.266 
  -0.041 
   0.067 
   0.006 
  -0.059 
   0.310 
  -0.112 
   0.472 
  -0.256 
   0.091 
  -0.111 
  -0.060 
   0.131 
  -0.103 
   0.123 
   0.222 
  -0.128 
  -0.159 
   0.078 
  -0.018 
   0.038 
   0.071 
   0.023 
  -0.111 
  -0.043 
   0.139 
  -0.033 
   0.182 
  -0.114 
  -0.186 
  -0.015 
  -0.067 
  -0.111 
  -0.023 
   0.109 
   0.213 
  -0.223 
   0.352 
  -0.237 
   0.075 
   0.125 
   0.102 
  -0.104 
   0.126 
  -0.100 
  -0.138 
  -0.125 
   0.077 
   0.084 
   0.237 
   0.065 
  -0.084 
  -0.019 
   0.135 
   0.129 
  -0.018 
   0.103 
  -0.048 
  -0.040 
  -0.080 
  -0.051 
   0.132 
  -0.018 
   0.019 
  -0.218 
  -0.095 
  -0.012 
   0.170 
  -0.151 
   0.252 
  -0.140 
  -0.271 
   0.064 
  -0.238 
   0.109 
  -0.041 
  -0.160 
  -0.067 
  -0.074 
   0.194 
  -0.153 
   0.002 
  -0.145 
  -0.279 
  -0.012 
   0.202 
   0.088 
   0.189 
  -0.256 
   0.466 
  -0.093 
  -0.266 
  -0.195 
  -0.097 
   0.052 
  -0.077 
   0.096 
   0.040 
  -0.131 
   0.003 
   0.174 
  -0.070 
   0.032 
  -0.320 
   0.090 
   0.173 
  -0.120 
  -0.065 
   0.203 
  -0.077 
  -0.019 
  -0.062 
   0.051 
  -0.004 
  -0.038 
  -0.008 
  -0.027 
  -0.063 
  -0.010 
  -0.012 
   0.124 
   0.157 
  -0.309 
  -0.439 
  -0.102 
   0.210 
  -0.135 
  -0.085 
  -0.227 
   0.062 
   0.114 
   0.029 
   0.044 
   0.056 
  -0.164 
  -0.034 
  -0.024 
  -0.019 
  -0.103 
  -0.243 
   0.267 
   0.149 
   0.108 
  -0.033 
   0.049 
   0.265 
  -0.076 
   0.039 
  -0.063 
   0.404 
  -0.186 
  -0.033 
   0.053 
   0.059 
  -0.069 
  -0.030 
  -0.006 
  -0.150 
   0.128 
   0.071 
  -0.081 
  -0.055 
  -0.011 
   0.060 
  -0.150 
  -0.050 
   0.078 
   0.065 
  -0.051 
  -0.031 
  -0.087 
   0.128 
   0.187 
  -0.052 
  -0.061 
   0.124 
  -0.061 
  -0.020 
   0.002 
   0.134 
  -0.142 
   0.256 
  -0.027 
  -0.089 
  -0.183 
  -0.035 
  -0.271 
  -0.092 
  -0.025 
   0.191 
   0.010 
   0.311 
  -0.023 
   0.083 
   0.142 
   0.174 
   0.066 
  -0.097 
  -0.161 
   0.024 
  -0.072 
   0.032 
   0.128 
  -0.191 
  -0.027 
  -0.048 
  -0.267 
  -0.157 
  -0.319 
   0.129 
  -0.104 
  -0.168 
   0.201 
   0.190 
   0.011 
  -0.041 
   0.022 
  -0.175 
   0.315 
   0.262 
  -0.344 
   0.153 
   0.067 
  -0.132 
  -0.030 
   0.087 
  -0.028 
   0.029 
  -0.047 
   0.122 
  -0.097 
  -0.008 
   0.098 
  -0.432 
   0.167 
   0.047 
  -0.372 
   0.406 
  -0.068 
  -0.091 
  -0.053 
   0.063 
  -0.034 
  -0.171 
  -0.049 
   0.134 
  -0.260 
  -0.185 
  -0.264 
  -0.004 
  -0.112 
  -0.106 
   0.149 
   0.051 
  -0.326 
   0.040 
   0.027 
  -0.009 
  -0.206 
  -0.292 
   0.048 
   0.078 
   0.001 
  -0.265 
  -0.419 
   0.231 
   0.431 
   0.114 
  -0.079 
  -0.003 
  -0.252 
   0.264 
  -0.286 
  -0.276 
  -0.399 
  -0.242 
   0.714 
  -0.322 
  -0.240 
   0.115 
   0.172 
  -0.172 
  -0.067 
   0.109 
   0.338 
  -0.094 
   0.054 
  -0.002 
   0.042 
   0.152 
   0.125 
  -0.185 
  -0.209 
   0.056 
  -0.155 
  -0.342 
   0.037 
   0.099 
   0.139 
   0.037 
   0.231 
  -0.396 
  -0.214 
   0.125 
   0.110 
  -0.161 
   0.020 
   0.056 
   0.042 
  -0.106 
  -0.035 
   0.181 
   0.125 
  -0.144 
  -0.145 
   0.187 
   0.190 
  -0.236 
  -0.059 
   0.049 
   0.087 
   0.021 
   0.083 
   0.071 
   0.136 
  -0.072 
   0.060 
  -0.077 
   0.150 
  -0.208 
   0.319 
  -0.200 
  -0.087 
  -0.103 
   0.175 
   0.137 
   0.210 
  -0.139 
  -0.055 
   0.137 
   0.160 
  -0.192 
   0.287 
  -0.179 
   0.098 
   0.073 
  -0.059 
  -0.094 
   0.021 
  -0.057 
  -0.152 
   0.486 
   0.390 
   0.360 
   0.278 
   0.017 
  -0.055 
   0.072 
   0.139 
   0.036 
   0.053 
   0.046 
  -0.166 
  -0.150 
   0.153 
  -0.128 
   0.126 
  -0.119 
  -0.144 
  -0.099 
   0.074 
  -0.255 
   0.131 
   0.027 
  -0.007 
  -0.040 
   0.083 
  -0.176 
   0.105 
   0.243 
   0.106 
   0.219 
  -0.192 
   0.180 
  -0.135 
  -0.050 
  -0.086 
  -0.124 
   0.017 
   0.184 
   0.019 
   0.266 
  -0.227 
  -0.103 
   0.150 
  -0.007 
  -0.110 
  -0.078 
  -0.377 
  -0.288 
   0.293 
  -0.243 
   0.302 
  -0.143 
   0.166 
   0.067 
  -0.300 
   0.210 
  -0.051 
  -0.114 
  -0.207 
  -0.023 
   0.016 
  -0.029 
  -0.069 
  -0.045 
   0.166 
   0.167 
  -0.094 
   0.112 
   0.004 
   0.214 
  -0.143 
  -0.135 
   0.085 
  -0.058 
   0.023 
  -0.054 
   0.343 
   0.468 
   0.205 
   0.035 
  -0.202 
   0.404 
   0.405 
  -0.356 
   0.326 
   0.013 
  -0.312 
   0.267 
   0.287 
  -0.202 
  -0.031 
   0.143 
  -0.107 
   0.063 
   0.084 
   0.009 
  -0.182 
   0.090 
   0.188 
   0.021 
  -0.009 
  -0.206 
  -0.070 
  -0.030 
  -0.103 
  -0.292 
   0.028 
   0.153 
   0.007 
   0.098 
  -0.179 
   0.492 
   0.416 
   0.575 
  -0.076 
  -0.047 
  -0.237 
  -0.020 
   0.088 
   0.168 
  -0.087 
  -0.048 
   0.293 
   0.134 
  -0.162 
  -0.072 
  -0.027 
  -0.003 
  -0.007 
  -0.017 
  -0.166 
  -0.104 
  -0.081 
   0.196 
   0.047 
   0.072 
   0.051 
  -0.223 
  -0.026 
  -0.413 
   0.344 
   0.210 
  -0.260 
  -0.259 
   0.325 
  -0.139 
   0.375 
   0.439 
  -0.312 
   0.128 
   0.047 
  -0.142 
   0.053 
   0.090 
  -0.155 
  -0.157 
   0.068 
   0.153 
   0.041 
   0.208 
   0.106 
  -0.238 
  -0.083 
   0.014 
   0.155 
   0.114 
  -0.129 
  -0.036 
   0.080 
  -0.001 
   0.102 
   0.156 
  -0.366 
   0.154 
  -0.228 
  -0.081 
  -0.344 
  -0.174 
  -0.280 
   0.209 
  -0.036 
  -0.028 
  -0.418 
   0.134 
   0.156 
  -0.065 
  -0.143 
  -0.031 
  -0.034 
  -0.021 
  -0.080 
   0.072 
   0.086 
   0.160 
  -0.431 
   0.429 
  -0.344 
   0.025 
   0.085 
  -0.021 
  -0.101 
   0.258 
  -0.086 
   0.020 
  -0.350 
  -0.252 
  -0.042 
   0.218 
   0.079 
   0.022 
   0.296 
   0.188 
   0.155 
   0.045 
  -0.144 
   0.115 
   0.001 
  -0.067 
   0.433 
  -0.386 
   0.079 
   0.161 
  -0.339 
  -0.370 
   0.490 
   0.202 
   0.240 
  -0.255 
  -0.218 
   0.198 
  -0.144 
  -0.032 
  -0.037 
  -0.308 
  -0.274 
   0.005 
   0.134 
   0.021 
  -0.206 
  -0.094 
  -0.009 
  -0.048 
   0.157 
  -0.068 
   0.066 
  -0.048 
  -0.118 
   0.028 
  -0.035 
   0.196 
  -0.008 
  -0.151 
  -0.250 
   0.116 
  -0.177 
  -0.035 
   0.202 
  -0.294 
  -0.032 
   0.237 
  -0.082 
   0.018 
   0.290 
  -0.154 
  -0.128 
   0.240 
   0.219 
   0.112 
  -0.292 
  -0.027 
   0.229 
  -0.091 
   0.155 
   0.109 
  -0.142 
  -0.028 
   0.105 
  -0.004 
   0.015 
  -0.315 
   0.138 
   0.156 
   0.006 
  -0.122 
   0.255 
   0.054 
  -0.039 
  -0.009 
   0.006 
  -0.287 
   0.060 
   0.215 
  -0.326 
  -0.413 
  -0.032 
   0.190 
  -0.176 
  -0.221 
  -0.023 
   0.195 
   0.063 
  -0.141 
   0.077 
  -0.216 
   0.190 
   0.206 
  -0.074 
   0.048 
   0.017 
   0.121 
   0.204 
   0.324 
  -0.273 
   0.299 
  -0.232 
  -0.007 
   0.049 
   0.020 
   0.039 
  -0.188 
   0.024 
  -0.043 
   0.492 
   0.454 
  -0.396 
   0.296 
  -0.158 
  -0.046 
  -0.251 
  -0.225 
   0.187 
  -0.175 
   0.312 
   0.038 
  -0.214 
   0.020 
   0.243 
   0.043 
   0.014 
   0.083 
  -0.167 
   0.152 
  -0.099 
   0.163 
  -0.279 
  -0.276 
  -0.174 
   0.030 
   0.028 
   0.022 
  -0.254 
   0.125 
   0.107 
   0.138 
  -0.030 
   0.016 
  -0.043 
   0.334 
  -0.132 
   0.102 
  -0.214 
  -0.134 
   0.012 
   0.054 
   0.039 
  -0.006 
   0.029 
  -0.142 
   0.269 
   0.267 
  -0.370 
  -0.039 
  -0.026 
   0.076 
   0.044 
  -0.192 
  -0.020 
  -0.070 
  -0.030 
   0.159 
   0.161 
  -0.114 
  -0.074 
   0.156 
   0.174 
   0.067 
   0.046 
   0.033 
   0.106 
   0.143 
  -0.177 
  -0.168 
   0.159 
  -0.150 
   0.045 
   0.245 
  -0.109 
  -0.126 
   0.237 
  -0.359 
   0.159 
  -0.155 
  -0.167 
  -0.113 
   0.034 
  -0.101 
   0.036 
   0.027 
   0.068 
   0.054 
  -0.018 
   0.009 
  -0.211 
  -0.072 
   0.292 
   0.322 
   0.259 
  -0.056 
   0.047 
  -0.236 
   0.234 
   0.155 
   0.100 
  -0.036 
   0.184 
   0.145 
  -0.254 
   0.489 
  -0.040 
   0.055 
   0.124 
   0.017 
  -0.121 
   0.195 
  -0.013 
  -0.248 
   0.010 
   0.060 
  -0.014 
  -0.254 
   0.038 
   0.103 
   0.297 
   0.228 
  -0.071 
  -0.010 
   0.002 
  -0.044 
  -0.148 
  -0.002 
  -0.036 
   0.015 
  -0.068 
   0.068 
  -0.056 
  -0.187 
  -0.048 
   0.048 
  -0.151 
   0.053 
   0.162 
   0.061 
  -0.027 
   0.293 
  -0.014 
  -0.049 
   0.335 
   0.229 
  -0.250 
   0.139 
  -0.023 
   0.051 
  -0.150 
  -0.191 
   0.184 
  -0.208 
   0.093 
  -0.010 
  -0.140 
  -0.179 
   0.058 
  -0.257 
   0.110 
  -0.234 
   0.041 
   0.103 
   0.066 
  -0.127 
   0.044 
  -0.019 
   0.005 
   0.084 
   0.005 
  -0.174 
   0.093 
   0.024 
   0.144 
   0.095 
  -0.212 
   0.000 
   0.096 
   0.188 
  -0.110 
   0.065 
   0.082 
  -0.253 
  -0.075 
   0.100 
  -0.123 
  -0.155 
   0.124 
  -0.084 
   0.119 
   0.224 
   0.023 
   0.097 
   0.050 
   0.006 
  -0.166 
   0.085 
   0.069 
   0.142 
  -0.045 
  -0.038 
  -0.119 
  -0.176 
  -0.093 
  -0.034 
   0.046 
   0.035 
   0.016 
