  -0.989 
   0.461 
  -0.501 
   0.103 
  -0.162 
  -0.297 
   0.147 
   0.400 
   0.096 
  -1.069 
   0.239 
  -0.204 
  -0.302 
   0.083 
   0.043 
   0.249 
   0.868 
   0.121 
  -0.380 
   0.534 
   0.170 
  -0.150 
  -0.568 
   0.645 
   0.907 
  -1.123 
   0.222 
  -0.815 
   0.383 
  -0.538 
   0.387 
   0.378 
  -0.269 
  -0.443 
  -0.745 
   0.564 
   0.671 
  -0.137 
  -0.292 
   0.298 
  -1.323 
   0.616 
  -0.206 
  -0.290 
   0.236 
   0.014 
   0.641 
   0.546 
   0.391 
   1.133 
  -0.494 
   0.226 
   0.704 
   0.785 
  -0.196 
   0.436 
  -0.223 
  -0.026 
  -0.265 
   0.659 
   0.352 
   0.124 
   0.199 
  -0.402 
   0.864 
  -0.600 
   0.207 
   0.581 
  -0.156 
  -0.737 
   0.274 
  -0.292 
   0.970 
   0.949 
   0.630 
  -0.128 
  -0.253 
   0.047 
  -0.041 
   0.905 
  -0.653 
   0.328 
   0.555 
   0.340 
   0.047 
   0.510 
  -0.642 
  -0.772 
  -0.469 
  -0.148 
   0.031 
  -1.298 
   1.223 
  -0.110 
   0.548 
   0.682 
   0.842 
   0.713 
   0.546 
   0.565 
  -0.069 
   0.089 
   0.528 
  -0.573 
   0.105 
   0.295 
   0.507 
   0.670 
  -0.714 
  -0.416 
   0.610 
  -0.409 
   0.715 
  -0.069 
   0.515 
   0.687 
   0.459 
  -0.432 
  -0.367 
  -0.545 
   0.660 
   0.160 
  -0.098 
   0.542 
  -0.626 
   0.519 
   0.068 
   1.115 
   0.699 
   1.508 
   0.003 
   0.325 
  -0.254 
  -0.240 
   0.417 
  -0.172 
   0.930 
  -0.123 
  -0.479 
   0.912 
   0.521 
   0.188 
   0.580 
   1.564 
  -0.048 
   0.034 
  -0.788 
   0.779 
   0.556 
  -0.763 
  -0.333 
  -0.217 
  -0.087 
   0.810 
   0.820 
  -0.226 
  -0.828 
  -0.977 
   0.307 
  -0.042 
  -0.071 
  -1.040 
  -0.231 
   0.340 
   0.673 
  -0.433 
  -0.207 
   0.545 
   0.745 
   0.222 
   0.756 
   0.119 
  -0.678 
   0.458 
   0.114 
  -0.582 
   0.542 
  -0.130 
   0.459 
   0.390 
   0.040 
  -0.830 
   0.241 
   0.311 
   0.395 
  -0.232 
  -0.334 
  -0.200 
   0.142 
  -0.392 
  -0.410 
   0.773 
   0.308 
   0.242 
  -0.274 
   0.137 
  -0.009 
  -0.097 
   0.311 
   0.068 
  -0.865 
  -0.668 
   1.224 
   1.222 
   1.024 
  -0.603 
   0.219 
   1.101 
   0.625 
   0.715 
  -0.580 
   0.195 
   0.211 
  -0.624 
  -0.254 
  -0.627 
  -0.514 
   0.404 
  -0.715 
   0.231 
   0.618 
   0.095 
  -0.850 
  -0.007 
   0.512 
   0.584 
  -0.211 
  -0.355 
  -0.565 
  -0.614 
   1.004 
  -0.446 
   0.395 
  -0.228 
  -0.611 
   0.568 
  -0.452 
   0.086 
  -0.379 
  -0.676 
  -0.558 
   0.561 
   0.563 
   0.729 
  -0.225 
   0.460 
   0.866 
   0.880 
   0.665 
  -0.552 
  -0.087 
   0.501 
  -0.586 
   0.326 
  -0.430 
   0.121 
  -1.083 
  -0.803 
   0.277 
  -0.293 
  -0.602 
   0.585 
   0.234 
  -0.506 
   0.202 
   0.671 
   0.988 
  -1.336 
  -0.459 
  -0.772 
  -0.490 
   0.193 
   0.881 
  -0.484 
  -0.461 
  -0.171 
   1.980 
  -1.085 
  -0.004 
  -0.103 
   0.109 
   0.939 
   0.608 
  -0.496 
  -0.593 
   0.425 
  -0.604 
  -0.323 
   0.611 
   0.853 
  -0.617 
  -0.253 
   0.769 
   1.532 
  -0.330 
  -0.170 
   0.384 
  -0.454 
  -0.691 
   0.806 
  -0.406 
   0.087 
  -0.621 
   0.599 
   0.370 
  -0.041 
   0.939 
  -0.140 
   0.640 
  -0.239 
  -0.616 
  -0.247 
  -0.534 
   0.189 
  -0.145 
   0.301 
   1.703 
   1.046 
   0.875 
  -1.139 
   0.480 
   0.201 
   0.355 
  -0.522 
   0.603 
  -0.077 
   0.622 
   0.438 
   0.788 
   0.192 
   0.001 
  -0.806 
  -1.130 
   0.425 
   0.062 
  -0.386 
  -0.851 
  -0.818 
   0.721 
  -0.294 
   0.145 
  -0.731 
   0.281 
  -0.578 
  -0.255 
   0.247 
  -0.339 
   0.235 
  -0.618 
  -0.246 
  -0.424 
   0.442 
   0.524 
  -0.585 
   0.561 
  -0.195 
  -0.307 
  -0.072 
  -0.651 
  -0.194 
   0.748 
  -0.355 
  -0.356 
   0.557 
  -0.727 
   0.616 
   0.034 
   0.402 
  -0.332 
  -0.259 
   0.518 
   0.502 
   0.565 
   0.723 
  -1.016 
   0.459 
   0.570 
   0.121 
   0.487 
   0.772 
   0.557 
   1.444 
  -0.596 
   1.107 
   0.302 
  -0.628 
  -0.037 
  -0.066 
   0.140 
   1.010 
   0.689 
  -1.316 
  -0.416 
  -0.420 
   0.332 
  -0.033 
   0.680 
   0.545 
   0.480 
   1.285 
  -0.362 
   0.568 
  -0.508 
   0.535 
  -1.013 
  -1.255 
   1.022 
   0.381 
   0.648 
   0.362 
  -0.929 
  -1.123 
   0.926 
  -0.192 
  -0.155 
   0.144 
   0.607 
   0.582 
  -0.058 
  -0.253 
  -0.153 
   0.717 
  -0.296 
  -0.373 
  -0.085 
   0.345 
  -0.471 
  -0.443 
   0.873 
  -0.294 
   0.456 
  -0.025 
  -0.707 
  -0.385 
   0.419 
  -0.209 
  -0.936 
   0.547 
   0.320 
  -0.331 
  -0.455 
   1.077 
   0.741 
   0.500 
   0.177 
  -0.439 
   0.488 
  -0.512 
  -0.830 
  -0.106 
   0.315 
   0.668 
   0.207 
  -0.221 
  -0.401 
   0.532 
   0.184 
   0.180 
  -0.405 
   0.953 
  -0.162 
  -0.470 
  -0.880 
   0.533 
  -0.179 
   0.872 
  -0.211 
   0.327 
  -0.438 
  -1.176 
  -0.213 
   0.139 
  -0.257 
   0.632 
   0.450 
  -0.042 
  -0.378 
  -0.589 
   0.662 
  -0.247 
   0.042 
   0.090 
  -0.308 
   0.626 
   0.234 
   0.692 
  -0.390 
   0.182 
   0.316 
   0.264 
  -0.341 
  -0.559 
   0.652 
  -0.266 
   0.635 
  -0.132 
  -0.661 
  -0.877 
  -0.682 
  -0.268 
  -0.473 
   0.291 
  -0.848 
   0.516 
  -0.612 
  -1.015 
   0.120 
   0.499 
  -0.703 
  -0.237 
   0.238 
  -0.091 
   0.737 
   0.678 
   0.579 
  -0.472 
  -0.216 
   0.618 
   0.293 
  -0.544 
  -0.027 
  -0.658 
  -1.233 
   0.144 
  -0.213 
   0.638 
  -0.296 
  -0.144 
  -0.996 
  -0.499 
   0.248 
  -0.102 
   0.330 
   0.715 
   0.381 
  -1.231 
  -0.121 
   0.415 
   0.773 
   0.630 
   0.840 
  -0.683 
  -0.537 
  -0.210 
  -0.874 
   0.539 
  -0.264 
  -0.150 
   0.634 
   0.656 
  -0.434 
   0.406 
   1.029 
   0.632 
  -0.688 
  -0.040 
  -0.828 
  -0.486 
   0.263 
  -0.466 
   0.494 
  -0.352 
   0.901 
   0.131 
   0.432 
   0.547 
   0.035 
   0.502 
  -0.672 
  -1.291 
   0.050 
  -0.569 
   0.370 
  -1.005 
  -0.601 
  -0.016 
  -0.151 
  -0.552 
  -0.004 
   0.623 
   0.363 
  -0.309 
   0.278 
   0.570 
   0.208 
  -0.207 
  -0.106 
  -0.119 
   1.059 
   0.885 
   0.021 
   0.250 
  -1.003 
  -0.160 
   0.978 
   0.774 
  -0.498 
  -0.244 
  -0.132 
   0.152 
  -0.076 
   1.021 
   0.847 
   0.530 
   0.402 
  -0.266 
  -0.442 
   1.422 
  -0.468 
  -0.756 
  -0.933 
   0.078 
   0.230 
  -0.047 
   0.414 
   1.045 
   0.433 
  -0.450 
  -0.470 
  -0.055 
  -0.308 
  -1.342 
  -1.143 
  -0.107 
  -0.313 
   0.270 
  -0.666 
   0.179 
  -0.029 
   0.241 
   0.366 
  -0.119 
  -0.049 
  -0.564 
   0.634 
  -0.511 
   1.014 
  -0.938 
  -0.080 
   0.365 
  -0.250 
  -1.032 
   0.950 
   1.066 
  -0.138 
   0.150 
  -0.454 
  -0.243 
  -0.352 
   0.537 
  -0.182 
   0.411 
  -0.054 
  -0.636 
   0.156 
  -0.541 
  -0.729 
  -0.585 
  -0.351 
  -0.579 
  -0.260 
  -0.358 
  -0.111 
   0.538 
   0.646 
   0.373 
   0.045 
  -0.219 
   0.766 
   0.196 
   0.381 
   0.217 
   0.382 
  -0.106 
  -0.377 
  -0.746 
   0.191 
   0.236 
   0.446 
   0.464 
   0.171 
   0.005 
   0.509 
  -0.270 
   0.979 
  -1.072 
  -0.678 
   0.390 
  -0.182 
   0.361 
   0.618 
   0.271 
   0.365 
   1.407 
   0.508 
  -0.688 
   0.380 
   0.133 
  -0.166 
  -1.131 
  -0.069 
  -1.273 
   0.781 
   0.558 
   0.561 
  -0.620 
  -0.717 
   0.439 
  -0.530 
  -0.777 
   0.146 
   1.424 
   0.078 
  -0.285 
   0.493 
  -0.236 
  -0.859 
   0.035 
  -0.075 
  -0.483 
   0.425 
   0.241 
   0.246 
   0.521 
  -1.365 
   0.457 
   0.897 
   1.047 
  -0.278 
   0.202 
  -0.150 
  -0.182 
   0.384 
  -0.297 
  -0.158 
  -0.190 
  -0.343 
  -0.627 
  -0.192 
   0.675 
   0.212 
   0.597 
   0.626 
   0.536 
   0.453 
   0.136 
   0.909 
   0.492 
  -0.422 
  -0.458 
  -0.478 
   0.905 
   0.442 
   0.221 
  -0.487 
  -0.435 
   0.255 
  -0.187 
  -0.672 
  -0.249 
   0.026 
   0.466 
  -0.152 
   0.730 
  -0.581 
   0.724 
   0.069 
   1.068 
  -0.638 
   0.576 
   1.094 
  -0.522 
  -0.353 
   0.357 
   0.603 
  -0.288 
  -0.666 
  -0.548 
  -0.267 
  -0.098 
   0.483 
   0.983 
   0.289 
  -0.865 
  -0.473 
   1.091 
   0.538 
   0.534 
  -0.205 
   0.411 
   1.105 
   0.561 
   0.003 
   0.980 
  -0.081 
   0.533 
   0.400 
  -0.315 
   0.280 
  -0.536 
   0.526 
  -0.310 
  -0.266 
   0.641 
  -0.767 
   1.338 
  -0.282 
  -0.044 
   0.879 
   1.240 
   0.091 
  -0.180 
   0.574 
   0.103 
   0.207 
  -1.094 
   1.107 
  -0.742 
   0.775 
   0.330 
   0.341 
  -0.910 
  -1.129 
  -0.279 
   0.616 
   0.364 
  -0.598 
   1.020 
   0.339 
   0.335 
   0.179 
  -0.740 
   0.040 
  -0.205 
   0.328 
  -0.356 
  -0.707 
   0.478 
   0.231 
   0.578 
   0.384 
   0.211 
  -0.865 
  -0.356 
   0.094 
   1.281 
   1.139 
   0.106 
  -0.456 
  -0.779 
   0.536 
  -0.335 
  -1.196 
  -0.815 
  -0.399 
  -0.212 
  -0.484 
  -0.601 
  -0.307 
   0.773 
   0.984 
  -0.213 
   0.404 
  -0.077 
   0.759 
  -0.293 
  -0.950 
   0.195 
  -1.104 
  -0.047 
  -0.427 
   0.782 
   0.485 
   0.401 
   0.225 
   0.396 
   0.325 
   0.003 
  -0.094 
  -1.276 
  -0.702 
  -0.201 
  -0.575 
   1.084 
   0.311 
   0.263 
  -1.057 
  -0.395 
  -0.146 
   0.294 
   0.281 
   0.717 
   0.596 
  -0.203 
   0.323 
  -0.169 
   0.413 
  -0.742 
   1.816 
  -0.873 
  -0.581 
  -0.007 
   0.583 
   0.699 
   0.057 
  -1.129 
  -0.555 
  -0.542 
   1.097 
  -0.002 
  -0.283 
   0.192 
   0.499 
   0.574 
  -0.096 
  -1.271 
  -0.596 
   0.983 
   0.123 
   0.791 
   1.004 
  -0.480 
  -1.067 
   0.885 
  -0.719 
  -0.308 
  -0.040 
  -0.759 
  -0.761 
   0.111 
  -0.061 
   1.132 
   0.622 
   0.015 
  -0.264 
  -0.521 
   0.057 
   0.848 
  -0.464 
  -0.692 
  -0.781 
   0.183 
   0.524 
  -0.424 
   0.854 
  -0.767 
  -0.286 
   0.451 
   0.421 
   0.397 
   0.805 
   0.904 
  -0.520 
  -0.182 
  -0.166 
   1.252 
  -0.245 
  -0.651 
  -0.615 
  -0.124 
   0.410 
  -0.104 
  -0.738 
  -0.041 
   0.924 
  -0.206 
   0.676 
  -0.412 
   0.217 
  -1.196 
   0.494 
   0.442 
  -0.238 
   0.010 
   0.539 
   1.337 
   0.367 
  -0.174 
  -1.101 
   0.340 
  -0.543 
  -0.519 
   0.094 
   0.253 
  -0.377 
  -0.370 
   0.197 
  -0.053 
   0.436 
   0.451 
   1.262 
   0.317 
   0.372 
  -0.155 
  -0.512 
  -0.828 
  -1.019 
   0.376 
   0.095 
   0.073 
  -0.316 
  -0.758 
  -1.321 
   0.351 
  -1.130 
  -0.708 
   0.675 
  -0.126 
  -0.539 
   0.985 
  -0.304 
   1.263 
  -0.551 
   0.466 
   0.450 
  -0.041 
  -0.889 
  -0.079 
  -0.294 
   0.746 
   0.074 
  -0.539 
   0.518 
  -0.447 
   0.556 
  -0.756 
   0.125 
   0.471 
   0.494 
   0.726 
   0.066 
   0.777 
   0.044 
  -0.069 
  -1.204 
   0.301 
   0.334 
  -0.853 
   2.461 
   1.112 
  -1.203 
  -0.074 
  -0.210 
  -1.324 
  -0.668 
   0.077 
  -0.481 
  -0.392 
   0.199 
   0.477 
   0.612 
   0.252 
  -0.261 
  -0.507 
   1.040 
   0.551 
  -0.251 
  -0.373 
  -0.301 
  -0.720 
   0.671 
  -0.552 
   0.409 
  -0.535 
   0.090 
   0.959 
  -0.337 
   1.008 
   1.115 
   0.769 
   0.127 
   1.106 
  -0.259 
   0.315 
   0.541 
   0.997 
  -0.414 
   0.477 
  -0.074 
  -0.150 
   0.428 
  -1.316 
  -0.799 
   0.878 
  -0.654 
  -0.642 
   0.300 
   0.229 
   0.509 
  -0.349 
  -0.884 
   0.125 
   1.057 
  -0.285 
  -0.020 
  -0.392 
  -0.092 
   0.408 
  -1.135 
   0.218 
   0.016 
   0.514 
   0.723 
  -0.556 
   0.612 
  -0.039 
   0.062 
  -0.940 
   0.720 
  -0.876 
   0.570 
   0.317 
   0.136 
   1.486 
  -0.406 
  -0.366 
   0.703 
   0.635 
  -0.012 
   0.298 
  -0.068 
   0.428 
   0.460 
   0.848 
  -0.313 
   2.224 
  -1.262 
  -0.444 
   0.730 
   0.106 
   0.061 
   0.511 
   0.550 
   0.331 
  -0.258 
  -0.241 
  -0.751 
   0.537 
   0.614 
   0.356 
   0.810 
  -0.387 
   0.169 
   0.455 
  -0.206 
   1.407 
   0.323 
  -0.107 
  -0.606 
   0.416 
  -0.091 
   0.416 
  -0.483 
   0.552 
  -1.351 
   0.522 
   0.615 
  -0.009 
   0.630 
   0.774 
   0.432 
   0.649 
   0.650 
   0.207 
   0.773 
   1.230 
  -0.871 
  -0.675 
  -0.432 
   0.267 
  -0.377 
  -0.604 
   0.116 
   0.456 
   0.686 
   0.274 
   0.411 
   0.632 
  -0.626 
   0.254 
   0.136 
  -0.735 
  -0.645 
  -0.416 
  -0.665 
   0.467 
  -0.436 
  -0.444 
   0.440 
  -0.586 
  -0.609 
   0.516 
  -0.140 
  -0.462 
  -0.201 
   0.265 
   0.556 
   0.144 
   0.697 
  -0.168 
  -0.120 
  -0.046 
  -0.389 
  -1.086 
   0.315 
  -0.064 
   0.039 
   0.825 
   0.536 
  -0.219 
  -1.161 
   0.748 
  -0.808 
   0.397 
  -0.190 
  -0.947 
  -0.184 
   0.839 
  -0.174 
  -0.327 
   1.969 
  -1.341 
  -0.186 
   0.054 
  -0.885 
  -0.596 
   1.215 
  -0.353 
   0.160 
   1.442 
   0.665 
  -0.688 
   0.417 
   0.491 
   0.180 
   0.023 
   0.543 
   0.002 
   0.301 
  -0.198 
  -0.233 
   0.392 
   0.450 
   0.992 
  -0.779 
  -0.215 
  -0.674 
   0.751 
   1.400 
   0.525 
  -0.751 
  -0.119 
   0.533 
  -0.323 
   0.515 
  -0.760 
   0.779 
  -0.475 
   1.001 
  -0.025 
   0.178 
   0.489 
   0.742 
  -0.066 
  -0.718 
   0.456 
  -0.103 
  -1.133 
  -0.495 
  -0.082 
  -0.281 
  -0.330 
   0.506 
  -0.274 
   0.636 
   0.304 
   0.609 
  -0.222 
  -0.254 
   0.722 
  -0.869 
  -0.440 
   0.984 
   0.904 
  -0.543 
  -0.020 
  -0.533 
   0.141 
  -0.547 
  -0.343 
  -0.247 
   0.536 
  -1.342 
   0.352 
  -0.502 
   0.322 
  -0.380 
   0.872 
  -0.186 
  -0.233 
  -0.586 
  -0.675 
   1.307 
  -0.429 
   0.377 
  -1.247 
   0.238 
  -0.291 
   0.382 
   0.008 
  -0.283 
   1.249 
   0.387 
   0.256 
   0.281 
   0.463 
   0.729 
   0.239 
   0.427 
   0.439 
  -1.181 
   0.421 
  -0.540 
   0.659 
  -0.378 
   0.609 
   0.485 
  -0.053 
   0.229 
  -0.211 
   0.144 
  -0.397 
  -0.328 
  -0.436 
  -0.201 
   0.454 
   0.627 
  -0.091 
   0.068 
  -0.080 
   0.035 
  -0.514 
  -0.501 
   0.937 
  -0.384 
   0.088 
   0.717 
   0.571 
   0.913 
   0.241 
   0.645 
   0.629 
   0.474 
   0.340 
   0.971 
  -0.258 
  -0.474 
  -0.242 
  -0.279 
   0.316 
  -0.904 
  -0.089 
   0.383 
   0.082 
  -0.086 
  -0.323 
  -0.366 
   0.180 
  -0.251 
   0.514 
   0.621 
  -0.622 
  -0.331 
   0.218 
   0.130 
   0.666 
   1.197 
  -0.177 
   0.577 
  -0.177 
   0.553 
   0.177 
  -0.138 
  -0.185 
  -0.565 
   0.400 
   0.694 
   0.561 
   0.693 
   0.258 
   0.816 
   0.814 
  -0.994 
   0.428 
   1.675 
  -0.527 
   0.105 
  -1.290 
   1.286 
   0.343 
   0.187 
  -0.325 
   0.294 
   0.372 
  -0.190 
   0.908 
  -0.286 
   0.492 
  -0.021 
  -0.213 
   0.776 
   0.556 
   1.067 
  -0.355 
   0.026 
   0.282 
  -1.119 
  -0.545 
   0.213 
   0.179 
  -0.136 
  -0.609 
   0.774 
   0.140 
   0.166 
   0.176 
  -0.089 
   0.772 
   0.645 
  -0.068 
  -0.598 
  -0.123 
   0.603 
   0.573 
   1.080 
   0.527 
   1.105 
  -0.086 
  -0.298 
  -0.608 
  -0.115 
  -1.215 
   0.506 
   0.140 
   0.697 
  -1.016 
  -0.268 
  -0.248 
  -0.053 
  -0.204 
   0.286 
  -0.454 
  -0.446 
  -0.238 
   0.277 
  -0.595 
   0.288 
   0.499 
   0.248 
   0.663 
  -0.045 
   0.308 
  -0.819 
   0.850 
  -0.001 
  -0.807 
  -1.327 
   0.427 
  -0.409 
   0.782 
  -0.443 
   0.014 
   0.503 
   1.093 
  -0.032 
  -0.276 
   0.712 
   1.885 
  -0.705 
  -0.574 
   0.998 
  -0.355 
   0.136 
   0.486 
   0.353 
   0.210 
  -0.315 
   0.958 
   0.645 
  -1.069 
   0.558 
  -0.196 
  -1.205 
   0.158 
   0.340 
  -0.136 
  -0.564 
  -0.732 
  -0.232 
  -0.422 
   0.018 
  -0.285 
   0.588 
   0.363 
   0.393 
   0.181 
  -0.142 
   0.426 
  -0.653 
   0.270 
   1.374 
  -0.341 
  -0.214 
   0.091 
  -0.698 
   0.375 
   0.523 
  -0.786 
   0.165 
  -0.527 
   0.105 
  -0.826 
   1.111 
  -0.125 
   0.886 
  -0.574 
   0.256 
   0.319 
   0.695 
  -0.050 
   0.601 
   0.878 
  -0.881 
  -0.230 
  -0.191 
   0.211 
   0.508 
   0.515 
   0.633 
   0.469 
   0.679 
  -0.618 
  -0.602 
  -0.369 
   0.148 
  -0.195 
  -0.250 
   1.380 
   0.557 
  -0.771 
   0.119 
  -0.472 
   0.538 
   0.515 
  -0.528 
   0.946 
   0.293 
   0.446 
   0.052 
  -0.062 
   0.624 
   0.692 
   1.064 
   0.324 
   0.536 
   0.507 
  -0.511 
  -0.154 
   0.664 
   0.615 
  -0.198 
   0.598 
   0.199 
   0.839 
   1.100 
  -0.720 
  -0.043 
  -0.090 
  -0.590 
  -0.857 
  -0.316 
   0.806 
   0.207 
  -0.165 
  -0.754 
   1.300 
  -0.870 
  -0.921 
  -0.559 
  -0.219 
  -0.101 
  -1.047 
   0.036 
   0.503 
  -0.727 
  -1.111 
  -0.048 
   1.046 
   0.104 
   1.218 
   0.322 
  -1.185 
  -1.309 
   0.244 
  -0.620 
   0.274 
  -0.155 
   0.178 
   0.095 
   0.821 
   0.563 
  -0.640 
   0.332 
  -0.627 
  -0.114 
  -0.643 
   0.234 
  -0.224 
   0.489 
   0.647 
   0.361 
   0.464 
   0.959 
  -1.326 
  -1.061 
  -0.028 
   0.595 
   0.173 
   0.331 
   1.045 
  -0.015 
  -0.234 
  -0.279 
   0.052 
  -0.688 
   1.027 
   0.379 
   1.004 
  -0.602 
  -0.284 
  -0.339 
  -0.647 
   0.645 
   0.359 
  -0.307 
   1.243 
   0.153 
  -0.665 
   1.627 
   0.227 
  -0.653 
   0.727 
  -0.373 
   0.507 
   0.408 
   0.313 
   0.563 
  -0.432 
   0.721 
   0.439 
  -0.225 
   0.261 
   0.627 
  -0.534 
   0.002 
  -0.120 
  -0.424 
  -0.061 
  -0.986 
  -0.323 
   0.530 
  -0.066 
  -0.138 
   0.607 
   0.525 
   1.124 
   1.491 
   0.176 
   0.537 
   0.303 
   0.022 
   0.477 
  -0.455 
   0.068 
  -0.454 
  -0.912 
   0.707 
  -0.572 
  -0.062 
   0.124 
  -0.377 
   0.762 
  -0.434 
  -0.196 
  -1.206 
  -0.166 
   0.804 
   1.107 
  -0.442 
   0.744 
  -0.560 
  -0.221 
   0.202 
   0.505 
  -0.614 
  -0.764 
   0.094 
  -0.375 
   0.952 
  -0.889 
   0.447 
   0.926 
  -0.114 
   0.509 
   0.443 
  -0.628 
   0.550 
  -0.190 
  -0.772 
  -0.214 
  -0.742 
  -0.297 
  -0.668 
  -0.649 
   0.519 
  -0.405 
  -0.230 
  -0.649 
  -0.176 
  -1.247 
   0.264 
  -0.091 
  -1.260 
   0.462 
  -0.052 
   1.174 
   0.331 
   0.059 
   0.117 
  -0.601 
   0.129 
  -0.701 
   0.751 
   0.076 
  -0.140 
  -0.379 
  -0.029 
   1.271 
   0.654 
  -0.531 
   0.419 
  -0.257 
  -0.503 
   0.639 
   0.187 
  -1.295 
  -0.520 
   0.244 
   1.065 
   0.067 
   0.037 
  -0.056 
  -0.484 
   0.267 
   0.709 
   0.428 
  -0.363 
   0.618 
   0.849 
  -0.157 
  -0.066 
  -0.471 
  -0.086 
   0.279 
  -0.090 
  -0.548 
   1.395 
   0.362 
  -0.176 
   0.670 
   0.212 
   1.359 
   1.154 
   0.487 
  -1.210 
  -1.094 
  -0.533 
   0.834 
   0.128 
   0.459 
  -0.363 
  -0.021 
   1.557 
   0.487 
   0.351 
   0.157 
  -0.134 
  -0.847 
   0.581 
   0.156 
  -1.051 
   0.558 
  -0.082 
   0.951 
   0.743 
  -1.071 
   0.665 
   0.856 
  -0.602 
  -0.301 
  -0.616 
  -0.285 
  -0.225 
   0.543 
  -0.597 
  -0.502 
  -0.645 
   1.020 
   0.175 
  -0.599 
   0.057 
   0.508 
  -0.072 
  -1.313 
  -0.357 
   0.158 
  -0.416 
   1.451 
  -0.541 
  -0.086 
   0.082 
   0.237 
   0.696 
  -0.795 
   0.026 
   0.459 
  -0.008 
  -0.456 
  -0.364 
  -0.261 
  -0.320 
   0.624 
   0.890 
   0.680 
  -0.334 
   0.666 
   0.573 
  -0.436 
   0.619 
   0.006 
  -0.571 
   0.227 
   1.813 
   0.448 
   1.257 
   0.316 
  -0.618 
   1.222 
   0.471 
   0.774 
  -0.455 
  -0.892 
   0.301 
   0.143 
  -0.544 
   0.380 
  -0.887 
  -0.056 
  -0.892 
  -0.020 
   0.663 
  -0.256 
  -0.563 
   0.215 
   0.412 
  -0.115 
  -0.623 
  -0.356 
  -0.263 
  -0.452 
   0.354 
   0.704 
  -0.435 
   0.265 
   0.083 
   0.076 
  -0.604 
   0.495 
  -0.943 
   0.547 
  -0.756 
   0.450 
  -0.593 
  -1.077 
  -0.210 
   0.276 
  -0.157 
   0.562 
   1.248 
  -0.671 
   0.155 
   0.079 
   0.646 
  -1.121 
  -0.640 
   0.084 
  -0.720 
   0.890 
   0.043 
  -0.434 
   0.197 
   0.302 
   0.423 
  -0.148 
   0.210 
  -0.580 
   0.561 
   0.755 
  -0.151 
  -0.237 
  -0.119 
  -0.699 
  -1.080 
  -0.066 
  -0.208 
   0.130 
   0.419 
   0.057 
   0.146 
  -0.521 
  -0.869 
   0.311 
  -1.199 
   0.194 
   0.811 
   0.726 
   0.530 
   0.497 
  -0.551 
  -0.049 
  -0.079 
   0.547 
  -0.087 
