  -0.672 
   0.280 
   0.140 
   0.431 
   0.055 
  -0.050 
  -0.260 
  -0.021 
   0.002 
  -0.176 
   0.009 
  -0.081 
  -0.079 
  -0.825 
  -0.279 
   0.198 
  -0.129 
   0.229 
   0.413 
   0.103 
   0.060 
  -0.124 
  -0.140 
  -0.243 
  -0.158 
   0.971 
  -0.527 
  -0.868 
  -0.030 
  -0.296 
   0.475 
   0.021 
   0.038 
   0.126 
  -0.219 
  -0.132 
  -0.237 
   0.161 
   0.188 
  -0.095 
  -0.192 
   0.077 
  -0.430 
   0.412 
  -0.171 
  -0.108 
  -0.210 
   0.361 
   0.520 
   0.168 
   0.217 
   0.352 
  -0.281 
   0.012 
   0.245 
  -0.103 
  -0.162 
   0.019 
  -0.128 
  -0.176 
  -0.140 
   0.219 
  -0.065 
  -0.254 
   0.307 
  -0.058 
   0.069 
  -0.081 
   0.257 
   0.287 
  -0.063 
  -0.218 
   0.043 
  -0.007 
   0.400 
  -0.450 
   0.335 
   0.026 
   0.073 
   0.048 
   0.050 
   0.105 
   0.351 
   0.377 
   0.203 
   0.162 
   0.191 
   0.109 
  -0.093 
  -0.707 
   0.268 
  -0.127 
   0.123 
  -0.405 
   0.428 
  -0.017 
   0.338 
   0.711 
   0.769 
   0.219 
   0.129 
  -0.105 
   0.040 
  -0.083 
   0.111 
  -0.090 
   0.155 
   0.064 
   0.280 
   0.499 
   0.013 
   0.179 
   0.191 
   0.017 
   0.223 
   0.066 
   0.104 
  -0.172 
   0.130 
   0.140 
  -0.301 
   0.096 
   0.222 
   0.315 
  -0.049 
   0.125 
  -0.077 
   0.333 
   0.218 
   0.919 
   0.309 
   0.733 
  -0.290 
  -0.055 
  -0.043 
   0.045 
  -0.000 
  -0.041 
   0.158 
   0.171 
   0.197 
   0.563 
   0.191 
  -0.043 
   0.285 
   1.443 
   0.107 
   0.184 
  -0.269 
  -0.599 
   0.139 
  -0.169 
  -0.181 
   0.068 
   0.006 
  -0.345 
   0.299 
  -0.030 
   0.197 
  -0.002 
   0.283 
  -0.164 
  -0.021 
  -0.521 
  -1.027 
  -0.011 
  -0.284 
   0.148 
  -0.047 
  -0.270 
   0.627 
   0.000 
   0.461 
  -0.226 
  -0.279 
   0.080 
  -0.107 
   0.024 
  -0.316 
   0.029 
   0.103 
   0.190 
   0.127 
  -0.296 
   0.296 
   0.255 
   0.533 
  -0.027 
   0.218 
  -0.056 
  -0.031 
   0.116 
   0.003 
  -0.780 
  -0.433 
   0.011 
   0.012 
   0.068 
   0.140 
   0.016 
  -0.102 
   0.076 
  -0.720 
  -0.077 
   0.400 
   0.410 
   0.228 
  -0.120 
  -0.002 
   0.306 
   0.434 
  -0.312 
   0.039 
   0.024 
   0.051 
   0.003 
  -0.161 
  -0.078 
   0.149 
   0.182 
   0.369 
   0.306 
   0.221 
   0.227 
   0.043 
  -0.166 
   0.282 
   0.332 
  -0.333 
  -0.263 
  -0.321 
   0.377 
   0.209 
   0.072 
   0.062 
   0.080 
  -0.062 
   0.274 
  -0.166 
  -0.135 
  -0.142 
  -0.238 
  -0.142 
   0.183 
   1.310 
   0.287 
   0.161 
   0.060 
  -0.334 
   0.406 
  -0.286 
   0.147 
  -0.165 
   0.036 
  -0.341 
  -0.130 
   0.216 
   0.247 
   0.100 
  -0.110 
  -0.060 
  -0.068 
  -0.052 
   0.463 
   0.003 
  -0.023 
   0.081 
  -0.480 
   0.867 
  -0.443 
  -0.193 
  -0.522 
   0.071 
   0.045 
   0.407 
  -0.228 
  -0.160 
  -0.114 
  -0.570 
  -0.226 
  -0.039 
  -0.144 
   0.817 
   0.134 
  -0.013 
  -0.044 
   0.203 
  -0.536 
   0.261 
   0.190 
   0.758 
  -0.176 
  -0.041 
   0.547 
   0.824 
  -0.284 
   0.064 
   0.980 
  -0.398 
  -0.072 
   0.871 
  -0.077 
   0.198 
  -0.295 
  -0.224 
  -0.027 
   0.089 
   0.644 
  -0.047 
   0.519 
   0.046 
  -0.205 
   0.026 
  -0.102 
  -0.089 
  -0.051 
  -0.076 
   0.673 
   0.508 
   0.127 
  -0.235 
   0.656 
  -0.009 
   0.060 
  -0.430 
   0.092 
  -0.050 
  -0.111 
   0.216 
   0.390 
  -0.019 
   0.093 
  -0.257 
  -0.386 
  -0.056 
  -0.087 
  -0.035 
  -0.002 
   0.157 
   0.442 
   0.249 
  -0.077 
  -0.212 
   0.110 
   0.010 
   0.030 
  -0.131 
  -0.053 
  -0.018 
  -0.625 
  -0.558 
   0.153 
  -0.090 
   0.002 
   0.076 
  -0.402 
   0.208 
   0.012 
   0.043 
  -0.010 
  -1.138 
  -0.122 
  -0.280 
  -0.096 
  -0.066 
  -0.495 
  -0.406 
  -0.265 
  -0.029 
  -0.004 
  -0.105 
  -0.055 
   0.089 
   0.123 
   0.148 
   0.276 
  -0.555 
   0.081 
   0.153 
  -0.009 
   0.591 
   0.384 
   0.096 
   0.645 
  -0.416 
   0.528 
   0.248 
  -0.171 
  -0.026 
  -0.588 
  -0.274 
   0.214 
   0.395 
  -0.237 
  -0.171 
  -0.083 
  -0.068 
  -0.328 
   0.730 
   0.071 
   0.358 
   0.410 
  -0.000 
   0.823 
  -0.416 
  -0.781 
   0.304 
  -0.335 
  -0.455 
   0.226 
   0.128 
  -0.177 
   0.015 
   0.032 
   0.295 
  -0.170 
  -0.137 
  -0.003 
  -0.568 
   0.165 
   0.300 
  -0.612 
   0.175 
   0.032 
   0.002 
   0.789 
   0.041 
  -0.027 
  -0.015 
   0.244 
   0.142 
  -0.121 
   0.615 
  -0.198 
   0.270 
   0.017 
   0.129 
  -0.321 
  -0.055 
  -0.159 
  -0.491 
   0.129 
  -0.058 
  -0.192 
  -0.030 
   0.282 
   0.481 
   0.240 
   0.104 
   0.115 
   0.088 
  -0.419 
  -0.575 
  -0.056 
  -0.191 
  -0.511 
   0.122 
  -0.008 
   0.148 
   0.154 
   0.051 
   0.055 
   0.047 
   0.104 
  -0.134 
   0.035 
  -0.330 
   0.312 
   0.035 
   0.471 
  -0.118 
   0.097 
  -0.233 
  -0.269 
  -0.053 
   0.153 
  -0.164 
   0.158 
   0.219 
   0.113 
  -0.068 
  -0.343 
   0.302 
  -0.077 
   0.135 
  -0.141 
  -0.053 
   0.152 
  -0.012 
   0.374 
   0.138 
   0.071 
  -0.062 
  -0.031 
  -0.242 
  -0.382 
   0.101 
  -0.211 
   0.272 
   0.014 
  -0.142 
  -0.622 
  -0.243 
  -0.135 
   0.046 
   0.060 
  -0.460 
   0.590 
  -0.155 
  -0.125 
  -0.179 
   0.204 
  -0.184 
  -1.086 
  -0.162 
   0.065 
  -0.037 
   0.263 
   0.556 
   0.071 
  -0.004 
  -0.010 
  -0.087 
  -0.127 
  -0.409 
   0.066 
  -0.109 
  -0.340 
   0.236 
  -0.058 
   0.141 
  -0.010 
  -0.052 
  -0.095 
   0.033 
   0.055 
   0.008 
  -0.068 
   0.287 
  -0.114 
   0.066 
  -0.059 
   0.478 
  -0.360 
   0.453 
  -0.161 
  -0.054 
  -0.055 
  -0.179 
  -0.144 
  -0.009 
  -0.057 
   0.109 
  -0.390 
   0.050 
  -0.012 
   0.858 
  -0.134 
  -0.139 
   0.052 
  -0.636 
   0.067 
  -0.116 
  -0.124 
   0.020 
  -0.203 
   0.490 
   0.011 
   0.179 
   0.130 
   0.010 
   0.153 
  -0.153 
  -0.398 
  -0.072 
  -0.086 
   0.188 
  -0.222 
  -0.447 
   0.077 
   0.006 
  -0.061 
  -0.177 
  -0.172 
  -0.054 
  -0.054 
  -0.837 
   0.314 
   0.245 
  -0.039 
  -0.278 
  -0.054 
   0.721 
   0.591 
   0.004 
  -0.053 
  -0.193 
   0.088 
   0.591 
   0.341 
  -0.086 
  -0.141 
   0.590 
   0.099 
   0.238 
   0.077 
   0.283 
   0.112 
  -0.073 
  -0.105 
  -0.090 
   1.127 
   0.015 
  -0.207 
  -0.011 
   0.045 
   0.218 
  -0.033 
   0.251 
   0.249 
   0.202 
  -0.453 
  -1.096 
   0.003 
  -0.283 
  -0.457 
  -0.838 
  -0.009 
  -0.129 
  -1.020 
  -0.148 
  -0.086 
  -0.160 
   0.055 
   0.117 
   0.260 
   0.051 
  -0.025 
  -0.192 
   0.160 
  -0.028 
   0.218 
  -0.045 
   0.011 
   0.244 
  -0.057 
  -0.191 
   0.753 
   0.271 
  -0.045 
  -0.081 
   0.012 
  -0.012 
  -0.248 
   0.208 
  -0.303 
  -0.006 
   0.054 
  -0.111 
  -0.075 
  -0.023 
  -0.180 
  -0.493 
  -0.017 
   0.019 
  -0.119 
  -0.139 
   0.107 
   0.203 
   0.228 
   0.093 
   0.095 
   0.067 
   0.189 
   0.126 
   0.003 
  -0.035 
   0.087 
  -0.056 
  -0.126 
   0.134 
  -0.061 
   0.329 
   0.206 
   0.095 
  -0.081 
   0.159 
   0.305 
   0.260 
   0.241 
  -0.338 
  -0.276 
   0.267 
   0.104 
   0.140 
   0.288 
   0.203 
   0.263 
   0.650 
   0.214 
  -0.105 
   0.205 
  -0.120 
  -0.048 
  -0.224 
   0.090 
  -0.410 
   0.090 
   0.111 
  -0.006 
  -0.134 
  -0.100 
   0.035 
  -0.473 
  -0.336 
  -0.287 
   0.629 
   0.232 
  -0.193 
   0.125 
  -0.092 
  -0.159 
   0.192 
  -0.012 
  -0.108 
   0.048 
  -0.152 
  -0.178 
   0.089 
  -0.443 
   0.049 
   0.409 
   0.551 
   0.110 
   0.056 
   0.185 
  -0.140 
  -0.022 
  -0.070 
  -0.065 
  -0.311 
  -0.088 
   0.014 
  -0.017 
   0.177 
  -0.089 
  -0.223 
   0.332 
   0.321 
   0.056 
   0.121 
   0.637 
  -0.650 
  -0.166 
   0.049 
   0.067 
   0.235 
   0.076 
   0.028 
  -0.202 
  -0.386 
  -0.029 
  -0.668 
  -0.149 
  -0.073 
   0.153 
   0.253 
  -0.035 
  -0.029 
  -0.532 
  -0.648 
   0.326 
  -0.470 
   0.282 
  -0.098 
   0.162 
   0.245 
  -0.079 
  -0.139 
   0.050 
  -0.015 
   0.128 
  -0.602 
  -0.001 
   0.050 
   0.076 
   0.077 
   0.188 
   0.067 
  -0.506 
  -0.551 
   0.295 
   0.606 
   0.184 
  -0.094 
   0.015 
   0.310 
   0.308 
  -0.599 
   0.104 
   0.185 
  -0.203 
  -0.187 
   0.415 
   0.034 
   0.059 
  -0.337 
   0.151 
  -0.605 
   0.020 
  -0.269 
  -0.512 
   0.661 
  -0.190 
   0.005 
   0.719 
   0.448 
   0.017 
  -0.049 
   0.156 
   0.196 
   0.043 
  -0.198 
   0.812 
  -0.259 
   0.357 
   0.514 
  -0.096 
  -0.754 
  -0.236 
  -0.230 
  -1.122 
  -0.962 
   0.013 
   0.016 
   0.267 
   0.063 
   0.270 
   0.824 
  -1.048 
   0.180 
   0.003 
   0.014 
  -0.263 
  -0.452 
  -0.827 
   0.808 
  -0.752 
  -0.381 
   0.116 
   0.014 
  -0.031 
   0.029 
   1.303 
   0.734 
   0.206 
   0.238 
  -0.296 
  -0.260 
  -0.548 
   0.011 
  -1.131 
   0.078 
   0.010 
   0.010 
   0.035 
  -0.346 
  -0.214 
   0.299 
   0.139 
  -0.102 
   0.026 
   0.078 
  -0.176 
  -0.125 
  -0.057 
  -0.027 
  -1.225 
  -0.269 
  -0.200 
   0.481 
   0.011 
   0.170 
   0.211 
  -0.010 
   0.104 
   0.096 
   0.061 
  -0.383 
  -0.158 
  -0.101 
  -0.041 
   0.292 
   0.162 
   0.116 
  -1.060 
   0.107 
   0.008 
  -0.180 
   0.303 
  -0.110 
   0.218 
  -0.048 
  -0.075 
  -0.265 
  -0.060 
  -0.223 
   1.695 
  -0.354 
  -0.058 
  -0.142 
   0.115 
   0.349 
  -0.380 
  -0.304 
  -0.072 
  -0.387 
   0.285 
  -0.163 
  -0.128 
  -0.039 
   0.081 
   0.100 
   0.089 
  -1.333 
  -0.068 
   0.582 
   0.062 
  -0.020 
   0.228 
  -0.021 
  -0.234 
   0.081 
  -0.108 
  -0.071 
  -0.190 
  -0.387 
  -0.194 
  -0.077 
  -0.182 
   0.337 
   0.212 
   0.121 
  -0.043 
  -0.069 
   0.222 
   0.741 
   0.085 
  -0.813 
  -0.438 
   0.294 
   0.402 
  -0.139 
   0.509 
  -0.248 
   0.093 
   0.179 
   0.188 
   0.019 
   0.183 
  -0.250 
  -0.089 
  -0.053 
  -0.054 
   0.474 
  -0.200 
  -0.192 
   0.079 
  -0.100 
  -0.135 
  -0.127 
  -0.233 
  -0.231 
   1.160 
  -0.027 
   0.144 
   0.067 
  -0.005 
  -0.303 
   0.109 
   0.151 
  -0.049 
   0.045 
   0.140 
   0.552 
  -0.021 
  -0.058 
  -0.211 
   0.061 
   0.260 
   0.252 
  -0.027 
   0.022 
   0.051 
   0.055 
   0.044 
   0.119 
   0.014 
   0.084 
   0.452 
   0.313 
  -0.101 
  -0.105 
   0.002 
   0.137 
  -0.126 
   0.123 
  -0.036 
  -0.064 
  -0.094 
  -0.112 
  -0.428 
   0.339 
  -0.237 
  -0.224 
   0.267 
  -0.018 
  -0.061 
   0.141 
   0.179 
   0.968 
  -0.172 
  -0.108 
   0.074 
   0.050 
  -0.124 
  -0.100 
   0.228 
  -0.028 
  -0.147 
  -0.446 
   0.044 
   0.036 
   0.194 
  -0.191 
  -0.157 
   0.181 
   0.077 
   0.252 
  -0.046 
   0.303 
   0.094 
   0.023 
  -0.340 
  -0.026 
   0.156 
  -0.124 
   1.441 
   0.522 
  -0.257 
   0.054 
   0.634 
   0.292 
  -0.277 
  -0.247 
  -0.097 
  -0.170 
  -0.053 
   0.059 
   0.490 
   0.317 
  -0.038 
  -0.104 
   0.314 
   0.540 
   0.281 
   0.108 
  -0.016 
  -0.171 
   0.293 
  -0.069 
   0.156 
   0.014 
   0.345 
   0.665 
  -0.072 
   0.598 
   0.542 
   0.409 
  -0.292 
   0.982 
   0.176 
  -0.007 
   0.223 
   0.294 
  -0.008 
   0.417 
   0.239 
   0.061 
   0.149 
  -1.327 
   0.163 
   1.314 
  -0.262 
  -0.244 
   0.123 
   0.112 
   0.214 
  -0.257 
  -0.286 
  -0.062 
   0.274 
  -0.159 
   0.077 
   0.118 
   0.063 
   0.186 
  -0.279 
  -0.058 
   0.066 
   0.040 
  -0.430 
  -0.221 
   0.404 
   0.182 
  -0.265 
  -0.177 
   0.470 
  -0.373 
  -0.298 
  -0.009 
  -0.136 
   1.185 
  -0.225 
  -0.179 
   0.406 
   0.100 
   0.062 
   0.084 
   0.024 
   0.010 
  -0.456 
   0.054 
   0.245 
   0.000 
  -0.353 
  -0.047 
   0.344 
  -0.200 
  -0.544 
   0.132 
   0.076 
   0.669 
  -0.237 
   0.097 
  -0.226 
   0.120 
   0.140 
   0.029 
   0.176 
  -0.323 
  -0.052 
   0.038 
   0.050 
   0.856 
   0.071 
   0.048 
  -0.319 
   0.099 
   0.056 
  -0.020 
  -0.725 
   0.292 
  -0.458 
   0.181 
   0.246 
  -0.025 
   0.380 
   0.349 
   0.038 
   0.012 
   0.605 
  -0.036 
   0.352 
   1.586 
  -0.287 
  -0.154 
   0.141 
  -0.112 
  -0.092 
  -0.081 
  -0.109 
   0.225 
   0.269 
  -0.045 
   0.497 
   0.511 
  -0.107 
   0.032 
   0.185 
   0.048 
   0.048 
  -0.161 
  -0.146 
   0.049 
   0.103 
  -0.044 
  -0.020 
  -0.160 
  -0.546 
   0.099 
  -0.091 
  -0.133 
  -0.026 
  -0.084 
  -0.072 
   0.068 
  -0.064 
  -0.035 
  -0.006 
  -0.168 
  -0.103 
  -0.172 
   0.117 
   0.101 
   0.109 
   0.530 
   0.119 
  -0.178 
  -0.748 
   0.290 
   0.357 
  -0.021 
  -0.098 
  -0.692 
  -0.092 
   0.876 
  -0.091 
  -0.101 
   1.702 
  -0.448 
  -0.031 
  -0.347 
  -0.332 
  -0.113 
   0.920 
  -0.084 
   0.296 
   0.647 
   0.413 
  -0.414 
   0.131 
   0.089 
   0.048 
   0.073 
   0.069 
  -0.191 
  -0.108 
  -0.190 
  -0.163 
  -0.082 
   0.155 
   0.649 
  -0.154 
  -0.124 
  -0.155 
  -0.018 
   0.604 
   0.146 
  -0.608 
  -0.202 
   0.067 
   0.111 
  -0.095 
  -0.119 
   0.150 
  -0.067 
  -0.029 
   0.153 
   0.060 
  -0.179 
  -0.281 
   0.363 
  -0.017 
  -0.839 
   0.711 
  -0.010 
  -0.240 
  -0.041 
  -0.112 
  -0.281 
   0.135 
   0.301 
  -0.298 
   0.341 
   0.082 
   0.314 
  -0.130 
  -0.161 
   0.248 
  -0.148 
  -0.006 
   0.191 
   0.527 
   0.341 
  -0.168 
  -0.107 
  -0.167 
  -0.064 
  -0.176 
   0.127 
   0.376 
  -1.278 
   0.230 
  -0.895 
   0.054 
  -0.046 
   0.042 
   0.099 
  -0.078 
  -0.114 
  -0.186 
   0.882 
  -0.117 
  -0.026 
  -0.344 
   0.016 
  -0.005 
   0.160 
   0.072 
  -0.191 
   0.454 
  -0.030 
   0.034 
  -0.675 
  -0.097 
   0.045 
   0.793 
   0.009 
   0.010 
  -0.035 
  -0.288 
  -0.011 
  -0.124 
  -0.378 
  -0.042 
  -0.096 
   0.067 
   0.039 
   0.294 
  -0.161 
  -0.078 
   0.152 
  -0.042 
  -0.043 
  -0.033 
   0.075 
   0.153 
   0.054 
   0.014 
   0.012 
   0.084 
   0.035 
   0.048 
   0.141 
  -0.236 
  -0.482 
  -0.562 
  -0.175 
   0.243 
   0.153 
   0.118 
   0.290 
  -0.623 
   0.212 
   0.222 
   0.045 
   0.175 
   0.027 
  -0.221 
  -0.117 
  -0.167 
   0.085 
  -0.649 
   0.154 
   0.451 
  -0.006 
   0.022 
   0.067 
  -0.037 
   0.212 
  -0.205 
   0.261 
   0.242 
   0.172 
  -0.105 
  -0.160 
  -0.101 
   0.239 
   0.947 
   0.109 
   0.324 
  -0.128 
   0.135 
  -0.132 
   0.140 
   0.117 
  -0.423 
   1.097 
   0.323 
   0.143 
  -0.402 
   0.308 
   0.020 
   0.012 
  -0.125 
   0.010 
   1.554 
  -0.044 
  -0.125 
  -0.356 
   1.463 
  -0.075 
  -0.108 
  -0.232 
   0.063 
   0.412 
  -0.194 
   0.172 
   0.072 
   0.075 
   0.072 
   0.042 
   0.481 
   0.139 
   0.773 
  -0.339 
  -0.207 
   0.026 
  -0.045 
  -0.062 
  -0.731 
   0.091 
  -0.051 
  -0.044 
  -0.454 
   0.152 
   0.071 
  -0.065 
  -0.077 
  -0.368 
   0.599 
   0.051 
   0.087 
   0.063 
   0.121 
  -0.504 
   0.105 
   0.284 
   0.109 
   0.309 
   0.170 
  -0.586 
  -0.098 
  -0.012 
  -0.097 
  -0.322 
   0.254 
   0.246 
   0.269 
  -1.087 
  -0.158 
  -0.198 
   0.039 
  -0.112 
  -0.092 
  -0.102 
  -0.007 
  -0.155 
  -0.406 
  -0.135 
  -0.050 
   0.050 
   0.143 
   0.408 
   0.231 
  -0.114 
  -0.414 
   0.575 
   0.044 
  -0.464 
  -0.271 
  -0.409 
   0.175 
   0.110 
  -0.170 
   0.179 
   0.106 
   0.208 
   0.318 
   0.055 
   0.207 
   0.238 
   1.193 
   0.022 
  -0.141 
   0.196 
  -0.250 
  -0.055 
   0.094 
   0.004 
  -0.117 
  -0.226 
   0.140 
   0.292 
  -0.768 
  -0.813 
   0.041 
  -0.053 
  -0.311 
  -0.019 
   0.045 
  -0.043 
  -0.081 
  -0.183 
   0.212 
  -0.287 
   0.038 
  -0.432 
   0.595 
  -0.040 
  -0.082 
   0.033 
  -0.092 
   0.174 
  -0.200 
  -0.154 
   0.546 
  -0.242 
  -0.125 
   0.086 
  -0.544 
   0.080 
   0.018 
  -0.106 
   0.021 
   0.077 
   0.222 
  -0.230 
   0.331 
  -0.177 
   0.102 
  -0.071 
   0.034 
  -0.155 
   0.254 
   0.007 
   0.286 
   0.855 
  -0.362 
  -0.137 
  -0.099 
  -0.041 
   0.084 
   0.199 
   0.475 
   0.114 
   0.412 
  -0.131 
   0.268 
  -0.294 
  -0.013 
  -0.056 
  -0.230 
   0.634 
   0.484 
  -0.148 
  -0.411 
  -0.554 
  -0.114 
   0.117 
   0.082 
  -0.160 
   0.150 
  -0.052 
   0.048 
   0.114 
   0.129 
   0.443 
   0.329 
   0.287 
  -0.144 
   0.428 
   0.069 
  -0.119 
  -0.062 
   0.239 
   0.141 
   0.088 
   0.175 
  -0.140 
   0.339 
   0.341 
  -0.266 
  -0.315 
  -0.066 
  -0.165 
  -0.140 
   0.091 
   0.685 
  -0.024 
  -0.231 
  -0.436 
   0.504 
   0.075 
  -0.200 
  -0.495 
  -0.128 
  -0.029 
  -0.137 
   0.184 
   0.177 
  -0.140 
  -0.265 
   0.103 
   0.252 
   0.226 
   1.199 
   0.260 
  -0.292 
  -0.416 
  -0.173 
  -0.173 
   0.120 
  -0.172 
  -0.111 
  -0.126 
   0.347 
   0.166 
  -0.195 
   0.058 
   0.132 
  -0.129 
  -0.369 
  -0.145 
   0.210 
   0.199 
   0.173 
   0.131 
   0.447 
   0.703 
  -0.433 
  -0.806 
  -0.050 
  -0.564 
  -0.230 
  -0.908 
   0.030 
   0.231 
   0.127 
   0.186 
  -0.187 
   0.137 
  -0.081 
   0.231 
  -0.039 
   0.244 
  -0.087 
  -0.129 
  -0.634 
   0.118 
   0.228 
   0.140 
  -0.128 
   1.574 
   0.396 
  -0.116 
  -0.621 
   1.381 
   0.189 
  -0.170 
   0.432 
  -0.012 
   0.089 
   0.164 
  -0.087 
   0.135 
   0.121 
   0.811 
   0.083 
  -0.132 
  -0.157 
   0.266 
  -0.193 
   0.157 
  -0.028 
  -0.169 
  -0.011 
   0.197 
  -0.037 
   0.308 
   0.144 
   0.017 
   0.228 
   0.294 
   0.328 
   0.695 
  -0.055 
  -0.126 
  -0.039 
   0.113 
  -0.144 
  -0.240 
  -0.247 
   0.029 
  -0.363 
  -0.104 
   0.004 
   0.087 
  -0.081 
   0.050 
   0.359 
   0.124 
  -0.037 
  -0.313 
  -0.117 
   0.687 
   0.806 
  -0.058 
  -0.090 
  -0.102 
  -0.156 
  -0.029 
   0.127 
  -0.065 
  -0.246 
   0.099 
   0.103 
   0.497 
   0.334 
   0.326 
   0.130 
  -0.027 
   0.408 
  -0.066 
  -0.111 
   0.429 
  -1.412 
  -0.143 
  -0.330 
  -0.122 
  -0.259 
  -0.044 
   0.007 
  -0.165 
   0.141 
   0.078 
  -0.181 
  -0.115 
  -0.098 
   0.115 
   0.026 
  -0.328 
   0.111 
  -0.039 
   0.650 
   0.459 
   0.503 
   0.115 
  -0.249 
  -0.218 
   0.456 
  -0.154 
  -0.014 
  -0.055 
  -0.332 
   1.066 
   0.430 
  -0.659 
   0.002 
  -0.125 
  -0.061 
   0.150 
  -0.044 
  -0.402 
  -0.216 
  -0.299 
   0.523 
   0.484 
  -0.313 
  -0.604 
   0.235 
   0.111 
  -0.014 
   0.011 
  -0.294 
   0.227 
   0.471 
   0.098 
   0.088 
   0.013 
   0.068 
   0.058 
   0.166 
   0.001 
   0.866 
  -0.015 
  -0.040 
   0.126 
   0.327 
   0.926 
   0.380 
   0.098 
  -0.284 
  -0.755 
   0.069 
   0.334 
  -0.094 
   0.080 
   0.255 
   0.100 
   1.332 
   0.528 
  -0.444 
  -0.317 
  -0.041 
  -0.364 
   0.159 
   0.267 
  -0.772 
   0.229 
  -0.303 
   0.656 
   0.178 
  -0.788 
  -0.193 
   0.377 
  -0.014 
  -0.184 
  -0.155 
  -0.064 
   0.060 
   0.125 
  -0.644 
  -0.828 
  -0.476 
   0.826 
  -0.250 
  -0.058 
  -0.117 
   0.098 
   0.020 
  -0.420 
   0.283 
   0.039 
  -0.332 
   0.688 
  -0.057 
  -0.037 
  -0.018 
   0.219 
   0.179 
  -0.456 
   0.038 
   0.235 
   0.086 
  -0.420 
   0.270 
  -0.327 
  -0.479 
   0.105 
   0.799 
  -0.065 
  -0.079 
   0.288 
   0.099 
  -0.371 
   0.017 
   0.093 
  -0.416 
   0.276 
   1.405 
   0.558 
   0.462 
   0.094 
  -0.148 
   0.967 
   0.053 
   0.479 
  -0.185 
  -0.453 
  -0.145 
   0.032 
   0.005 
   0.159 
  -0.337 
   0.036 
  -0.263 
  -0.184 
   0.010 
   0.145 
  -0.242 
  -0.093 
  -0.167 
  -0.679 
  -0.065 
  -0.140 
  -0.306 
  -0.198 
   0.208 
  -0.091 
   0.204 
  -0.011 
   0.358 
  -0.170 
   0.141 
  -0.121 
   0.117 
  -0.688 
   0.129 
  -0.207 
  -0.216 
  -0.194 
  -0.228 
  -0.008 
  -0.009 
  -0.046 
   0.088 
   0.453 
   0.054 
  -0.076 
   0.128 
  -0.487 
  -0.210 
  -0.152 
  -0.180 
  -0.207 
   0.368 
  -0.098 
   0.055 
  -0.025 
  -0.234 
  -0.328 
  -0.035 
   0.292 
   0.010 
   0.130 
  -0.347 
  -0.058 
  -0.176 
  -0.097 
  -0.164 
  -0.863 
   0.027 
  -0.162 
   0.017 
   0.163 
   0.150 
  -0.076 
   0.028 
   0.024 
   0.090 
  -0.306 
  -0.058 
   0.337 
   0.324 
   0.272 
   0.124 
   0.122 
   0.161 
   0.074 
   0.027 
   0.032 
