   0.046 
  -0.002 
   0.337 
   0.138 
  -0.042 
   0.308 
  -0.060 
  -0.041 
  -0.017 
  -0.080 
   0.083 
  -0.083 
  -0.178 
  -0.049 
  -0.291 
  -0.037 
  -0.551 
   0.380 
  -0.084 
  -0.372 
   0.235 
  -0.111 
  -0.136 
   0.022 
  -0.007 
  -0.072 
  -0.290 
  -0.079 
   0.136 
  -0.223 
  -0.041 
   0.216 
  -0.177 
  -0.101 
   0.147 
   0.016 
   0.249 
  -0.089 
  -0.072 
  -0.271 
  -0.595 
   0.315 
   0.268 
   0.466 
  -0.195 
  -0.122 
   0.067 
  -0.040 
  -0.100 
   0.627 
  -0.351 
  -0.241 
   0.282 
  -0.380 
   0.024 
   0.241 
  -0.388 
  -0.087 
   0.231 
  -0.302 
   0.109 
   0.615 
  -0.594 
  -0.062 
   0.584 
  -0.558 
   0.068 
  -0.113 
  -0.011 
  -0.033 
   0.114 
  -0.163 
  -0.089 
  -0.391 
   0.240 
   0.064 
   0.468 
  -0.105 
   0.063 
  -0.039 
  -0.159 
   0.011 
  -0.354 
   0.267 
  -0.001 
  -0.325 
   0.406 
   0.002 
  -0.214 
  -0.097 
   0.218 
   0.127 
   0.257 
   0.101 
   0.199 
  -0.238 
   0.203 
   0.417 
  -0.367 
  -0.165 
  -0.308 
   0.093 
   0.281 
   0.396 
  -0.105 
  -0.180 
  -0.275 
   0.148 
  -0.120 
   0.549 
  -0.266 
   0.030 
  -0.412 
   0.500 
   0.061 
   0.727 
  -0.558 
  -0.049 
  -0.143 
  -0.034 
   0.156 
   0.135 
  -0.140 
   0.101 
  -0.077 
  -0.005 
  -0.193 
   0.104 
  -0.044 
  -0.173 
  -0.532 
   0.487 
  -0.112 
  -0.329 
   0.349 
  -0.128 
  -0.236 
   0.073 
   0.076 
   0.693 
  -0.342 
   0.017 
   0.095 
  -0.081 
   0.249 
   0.691 
  -0.116 
  -0.011 
  -0.219 
   0.097 
  -0.090 
   0.213 
  -0.312 
   0.101 
   0.390 
  -0.225 
  -0.212 
  -0.379 
   0.149 
   0.087 
   0.130 
   0.082 
   0.001 
  -0.475 
   0.514 
   0.026 
  -0.214 
   0.287 
   0.108 
   0.071 
  -0.192 
   0.083 
   0.231 
  -0.200 
   0.017 
   0.511 
  -0.174 
   0.100 
   0.052 
   0.031 
  -0.094 
   0.215 
  -0.074 
   0.238 
   0.230 
  -0.185 
   0.037 
   0.410 
  -0.530 
   0.115 
   0.657 
  -0.479 
  -0.255 
  -0.395 
   0.123 
  -0.111 
  -0.138 
   0.011 
  -0.109 
  -0.343 
   0.120 
  -0.210 
  -0.446 
   0.170 
   0.061 
  -0.178 
   0.238 
   0.011 
   0.590 
  -0.351 
   0.121 
  -0.300 
   0.062 
  -0.096 
  -0.148 
   0.111 
   0.005 
   0.272 
  -0.081 
   0.167 
  -0.001 
  -0.146 
   0.162 
  -0.589 
  -0.003 
   0.285 
  -0.059 
  -0.016 
  -0.044 
  -0.143 
  -0.022 
   0.103 
  -0.147 
   0.030 
  -0.194 
   0.206 
  -0.181 
   0.053 
  -0.045 
  -0.146 
  -0.343 
   0.305 
   0.083 
   0.038 
  -0.189 
  -0.040 
   0.025 
   0.073 
  -0.182 
  -0.087 
   0.180 
   0.065 
   0.336 
  -0.218 
   0.167 
   0.022 
   0.119 
  -0.363 
   0.058 
   0.676 
  -0.310 
   0.011 
   0.422 
  -0.152 
   0.031 
   0.177 
  -0.103 
  -0.033 
  -0.052 
   0.205 
   0.219 
   0.133 
   0.042 
   0.023 
   0.462 
  -0.390 
  -0.066 
  -0.231 
   0.194 
   0.110 
   0.071 
   0.036 
  -0.175 
   0.077 
  -0.182 
   0.083 
   0.096 
  -0.034 
   0.048 
  -0.035 
   0.552 
  -0.224 
   0.026 
   0.119 
  -0.129 
  -0.186 
  -0.517 
   0.239 
   0.004 
   0.178 
  -0.190 
  -0.198 
   0.015 
   0.008 
  -0.040 
   0.095 
  -0.150 
  -0.053 
   0.102 
  -0.152 
  -0.144 
  -0.036 
  -0.078 
  -0.277 
  -0.323 
   0.133 
   0.004 
  -0.250 
   0.090 
  -0.025 
   0.010 
   0.131 
  -0.056 
   0.141 
   0.035 
   0.168 
  -0.069 
   0.091 
  -0.036 
   0.181 
  -0.311 
   0.054 
   0.193 
  -0.275 
   0.104 
   0.175 
  -0.205 
  -0.042 
  -0.246 
   0.184 
  -0.130 
  -0.229 
   0.231 
  -0.135 
  -0.122 
  -0.021 
  -0.182 
   0.576 
   0.071 
   0.510 
  -0.044 
   0.029 
  -0.297 
   0.187 
   0.096 
  -0.245 
   0.120 
   0.087 
   0.194 
  -0.097 
  -0.081 
  -0.620 
   0.403 
  -0.171 
  -0.463 
   0.361 
  -0.000 
  -0.004 
  -0.307 
   0.047 
  -0.147 
  -0.322 
   0.111 
   0.044 
   0.096 
  -0.103 
   0.220 
   0.716 
  -0.437 
   0.053 
  -0.134 
   0.108 
  -0.051 
  -0.267 
   0.057 
  -0.047 
  -0.248 
   0.342 
   0.043 
   0.231 
  -0.080 
  -0.016 
  -0.399 
   0.252 
   0.033 
   0.104 
  -0.069 
   0.203 
   0.471 
  -0.252 
  -0.065 
  -0.118 
   0.030 
   0.140 
  -0.113 
  -0.029 
   0.207 
   0.360 
   0.083 
  -0.076 
  -0.189 
   0.129 
   0.253 
   0.358 
  -0.447 
   0.140 
   0.133 
  -0.046 
  -0.228 
  -0.227 
  -0.042 
   0.036 
  -0.305 
   0.484 
  -0.070 
   0.307 
  -0.098 
   0.006 
  -0.160 
   0.082 
   0.167 
   0.705 
  -0.140 
   0.053 
  -0.112 
   0.385 
   0.056 
   0.564 
  -0.464 
   0.120 
   0.141 
  -0.044 
   0.157 
   0.440 
  -0.232 
  -0.153 
   0.267 
  -0.569 
  -0.052 
   0.298 
  -0.096 
  -0.223 
  -0.193 
  -0.054 
   0.192 
   0.240 
  -0.207 
  -0.232 
  -0.507 
   0.357 
  -0.069 
  -0.224 
   0.271 
   0.087 
   0.064 
   0.046 
  -0.002 
  -0.075 
  -0.145 
   0.078 
   0.201 
  -0.304 
   0.054 
   0.508 
  -0.393 
   0.270 
   0.252 
  -0.175 
   0.131 
   0.831 
  -0.428 
  -0.020 
  -0.146 
   0.329 
  -0.088 
  -0.430 
   0.195 
  -0.000 
  -0.297 
   0.281 
   0.191 
   0.718 
  -0.159 
   0.070 
   0.208 
  -0.147 
   0.065 
   0.775 
  -0.606 
   0.082 
   0.500 
  -0.042 
  -0.061 
  -0.450 
   0.268 
  -0.248 
  -0.382 
   0.223 
   0.043 
  -0.190 
   0.230 
  -0.010 
   0.063 
  -0.083 
   0.146 
   0.187 
  -0.098 
   0.157 
  -0.020 
   0.207 
  -0.238 
   0.614 
  -0.194 
  -0.221 
   0.063 
   0.126 
   0.300 
  -0.159 
  -0.113 
  -0.036 
   0.141 
  -0.055 
  -0.143 
  -0.120 
  -0.188 
  -0.127 
  -0.044 
  -0.159 
   0.077 
  -0.123 
   0.013 
  -0.023 
   0.205 
   0.083 
   0.171 
   0.004 
  -0.242 
  -0.210 
   0.230 
  -0.131 
  -0.373 
   0.312 
   0.068 
  -0.275 
   0.113 
  -0.066 
   0.414 
  -0.374 
  -0.017 
   0.362 
  -0.357 
  -0.128 
   0.185 
  -0.170 
   0.042 
   0.139 
  -0.193 
  -0.127 
  -0.394 
   0.320 
   0.177 
   0.084 
   0.157 
   0.007 
  -0.133 
   0.054 
   0.205 
   0.412 
   0.008 
   0.093 
   0.070 
   0.162 
   0.227 
   0.416 
  -0.386 
   0.016 
  -0.094 
  -0.270 
   0.153 
  -0.161 
   0.196 
  -0.046 
   0.131 
  -0.123 
   0.082 
   0.262 
  -0.182 
  -0.096 
  -0.484 
   0.400 
  -0.017 
  -0.054 
   0.179 
  -0.113 
   0.015 
   0.035 
   0.049 
   0.122 
  -0.019 
   0.028 
  -0.417 
   0.235 
  -0.212 
  -0.243 
   0.178 
  -0.144 
  -0.370 
  -0.018 
   0.258 
  -0.031 
  -0.186 
   0.280 
  -0.162 
  -0.213 
   0.165 
   0.149 
   0.271 
  -0.274 
   0.002 
  -0.140 
   0.024 
   0.165 
   0.374 
  -0.400 
  -0.193 
  -0.469 
   0.228 
  -0.030 
   0.151 
   0.069 
  -0.044 
  -0.276 
   0.240 
   0.022 
   0.544 
  -0.453 
   0.143 
  -0.388 
   0.515 
   0.061 
  -0.340 
   0.237 
  -0.018 
  -0.051 
  -0.035 
  -0.047 
   0.139 
  -0.208 
  -0.024 
  -0.142 
  -0.059 
   0.013 
   0.017 
   0.000 
   0.103 
  -0.189 
  -0.034 
   0.055 
  -0.365 
   0.275 
  -0.277 
  -0.476 
   0.124 
   0.162 
  -0.146 
   0.171 
   0.279 
   0.233 
   0.039 
  -0.169 
  -0.077 
  -0.038 
  -0.131 
  -0.561 
   0.277 
  -0.189 
   0.199 
  -0.291 
  -0.112 
   0.660 
   0.142 
   0.092 
  -0.006 
  -0.022 
  -0.499 
   0.525 
   0.115 
   0.482 
  -0.183 
  -0.098 
   0.015 
  -0.234 
  -0.136 
   0.036 
  -0.014 
   0.023 
  -0.170 
   0.078 
   0.007 
   0.111 
  -0.294 
  -0.034 
   0.151 
  -0.135 
  -0.215 
  -0.291 
   0.264 
  -0.138 
  -0.388 
   0.124 
  -0.299 
  -0.410 
   0.123 
   0.185 
   0.809 
   0.022 
  -0.384 
   0.477 
   0.159 
   0.278 
   0.011 
   0.025 
  -0.173 
  -0.109 
  -0.122 
  -0.256 
   0.410 
  -0.117 
   0.539 
  -0.166 
  -0.053 
  -0.133 
   0.061 
   0.147 
  -0.074 
  -0.074 
   0.382 
  -0.182 
  -0.221 
  -0.198 
   0.107 
   0.148 
  -0.219 
   0.006 
   0.016 
   0.252 
  -0.495 
  -0.019 
  -0.193 
   0.223 
  -0.160 
  -0.421 
   0.132 
  -0.318 
   0.039 
  -0.295 
   0.035 
  -0.034 
  -0.014 
  -0.068 
  -0.367 
   0.248 
   0.073 
  -0.006 
   0.102 
   0.088 
  -0.130 
   0.127 
   0.050 
   0.923 
  -0.397 
  -0.161 
   0.116 
  -0.075 
   0.030 
   0.166 
  -0.150 
  -0.028 
  -0.060 
  -0.178 
  -0.020 
   0.078 
  -0.118 
  -0.033 
   0.230 
  -0.335 
   0.220 
   0.460 
  -0.309 
  -0.062 
  -0.476 
   0.415 
  -0.179 
   0.044 
  -0.100 
  -0.122 
  -0.450 
   0.329 
  -0.245 
  -0.294 
   0.254 
  -0.036 
  -0.211 
  -0.060 
  -0.220 
  -0.142 
  -0.023 
   0.003 
   0.009 
  -0.002 
  -0.068 
  -0.420 
   0.341 
   0.058 
   0.852 
   0.061 
   0.228 
  -0.061 
  -0.085 
   0.590 
  -0.374 
   0.030 
   0.757 
   0.016 
  -0.310 
   0.485 
   0.037 
  -0.039 
  -0.004 
  -0.089 
  -0.552 
   0.254 
  -0.056 
  -0.047 
  -0.059 
  -0.184 
  -0.284 
   0.107 
   0.018 
   0.752 
  -0.404 
  -0.008 
  -0.288 
   0.199 
   0.032 
   0.380 
  -0.396 
  -0.088 
  -0.377 
   0.209 
  -0.156 
  -0.054 
   0.044 
  -0.175 
   0.040 
  -0.055 
   0.013 
   0.297 
  -0.119 
   0.090 
  -0.161 
   0.139 
   0.020 
  -0.100 
  -0.136 
   0.223 
   0.497 
  -0.159 
  -0.074 
  -0.571 
   0.420 
  -0.329 
  -0.347 
   0.154 
  -0.142 
   0.042 
  -0.006 
  -0.058 
  -0.166 
   0.161 
  -0.050 
   0.809 
  -0.037 
   0.562 
  -0.136 
  -0.274 
   0.041 
   0.235 
   0.231 
  -0.165 
  -0.082 
   0.099 
  -0.023 
   0.067 
   0.139 
  -0.123 
   0.077 
   0.032 
  -0.180 
   0.148 
  -0.045 
   0.638 
  -0.267 
   0.124 
   0.138 
  -0.012 
   0.394 
   0.073 
  -0.204 
   0.082 
  -0.131 
   0.108 
  -0.246 
  -0.235 
  -0.472 
   0.340 
  -0.041 
  -0.602 
   0.483 
   0.107 
   0.121 
  -0.202 
  -0.049 
   0.568 
  -0.410 
  -0.150 
  -0.167 
   0.053 
  -0.028 
  -0.371 
   0.286 
  -0.076 
  -0.095 
  -0.016 
   0.099 
  -0.005 
   0.134 
   0.039 
  -0.597 
   0.360 
   0.027 
  -0.401 
   0.475 
   0.099 
  -0.190 
   0.166 
  -0.007 
   0.320 
  -0.291 
  -0.015 
   0.304 
  -0.163 
  -0.145 
   0.112 
  -0.271 
  -0.075 
  -0.036 
  -0.145 
  -0.230 
   0.110 
  -0.214 
   0.230 
   0.693 
  -0.332 
  -0.123 
   0.181 
  -0.310 
   0.041 
   0.246 
  -0.005 
   0.131 
   0.543 
  -0.148 
   0.189 
   0.188 
  -0.180 
  -0.145 
   0.693 
   0.001 
  -0.124 
  -0.039 
   0.124 
  -0.075 
   0.022 
  -0.099 
  -0.281 
   0.054 
   0.062 
   0.299 
  -0.164 
   0.026 
   0.309 
  -0.361 
   0.270 
   0.584 
  -0.353 
   0.047 
  -0.240 
   0.163 
  -0.170 
   0.302 
  -0.305 
  -0.009 
   0.494 
  -0.201 
  -0.057 
   0.263 
  -0.320 
  -0.050 
  -0.243 
   0.214 
   0.133 
   0.364 
  -0.144 
   0.049 
   0.030 
   0.002 
  -0.005 
   0.240 
   0.152 
   0.206 
   0.057 
   0.101 
   0.000 
   0.041 
   0.601 
  -0.359 
  -0.016 
   0.074 
   0.007 
   0.046 
  -0.190 
   0.195 
   0.004 
  -0.319 
   0.319 
   0.035 
  -0.487 
   0.231 
  -0.098 
  -0.394 
   0.362 
   0.266 
   0.729 
  -0.261 
  -0.115 
  -0.286 
   0.119 
   0.178 
   0.626 
  -0.450 
  -0.188 
   0.057 
  -0.102 
  -0.060 
   0.115 
  -0.047 
   0.070 
  -0.321 
   0.245 
  -0.008 
   0.003 
   0.037 
  -0.105 
  -0.509 
   0.501 
  -0.211 
  -0.394 
   0.080 
  -0.027 
   0.079 
  -0.128 
   0.044 
   0.669 
  -0.350 
   0.066 
   0.036 
  -0.152 
   0.049 
   0.536 
  -0.087 
  -0.020 
  -0.202 
  -0.150 
  -0.103 
   0.046 
  -0.099 
   0.035 
  -0.153 
   0.074 
   0.028 
  -0.346 
   0.284 
   0.030 
   0.107 
  -0.080 
   0.076 
   0.499 
  -0.102 
   0.144 
   0.718 
  -0.463 
  -0.231 
   0.198 
  -0.475 
  -0.181 
   0.048 
  -0.043 
   0.155 
  -0.070 
   0.123 
   0.054 
   0.287 
  -0.478 
  -0.097 
  -0.380 
   0.156 
   0.023 
  -0.044 
   0.018 
  -0.255 
  -0.174 
  -0.199 
   0.033 
  -0.058 
  -0.028 
   0.017 
   0.198 
  -0.171 
   0.067 
  -0.068 
   0.023 
   0.084 
   0.506 
  -0.340 
   0.086 
  -0.151 
  -0.003 
   0.122 
   0.154 
  -0.139 
   0.155 
   0.053 
   0.132 
   0.192 
  -0.141 
   0.178 
   0.072 
   0.789 
  -0.554 
  -0.211 
   0.246 
  -0.262 
  -0.184 
  -0.001 
   0.063 
  -0.038 
  -0.351 
   0.321 
  -0.203 
  -0.242 
   0.148 
   0.064 
  -0.290 
   0.170 
  -0.032 
  -0.385 
   0.393 
   0.069 
   0.001 
   0.312 
   0.218 
   0.845 
  -0.437 
   0.157 
   0.264 
   0.034 
   0.023 
  -0.025 
  -0.194 
  -0.057 
  -0.222 
   0.137 
   0.080 
   0.471 
  -0.189 
   0.010 
   0.174 
  -0.069 
   0.106 
  -0.270 
   0.188 
   0.259 
   0.625 
   0.012 
  -0.106 
   0.083 
  -0.177 
   0.336 
   0.017 
  -0.024 
  -0.195 
  -0.254 
   0.167 
  -0.038 
   0.010 
  -0.068 
  -0.341 
   0.107 
  -0.315 
   0.289 
   0.110 
   0.149 
  -0.146 
   0.227 
  -0.345 
  -0.193 
  -0.004 
  -0.431 
   0.097 
   0.010 
   0.163 
   0.130 
   0.120 
   0.361 
  -0.117 
  -0.193 
  -0.134 
   0.011 
  -0.146 
   0.608 
  -0.603 
   0.036 
   0.032 
  -0.049 
  -0.160 
  -0.139 
   0.014 
  -0.095 
  -0.332 
   0.240 
  -0.052 
   0.158 
  -0.022 
   0.006 
   0.073 
  -0.064 
  -0.041 
  -0.389 
   0.131 
  -0.064 
  -0.136 
   0.045 
   0.079 
  -0.041 
   0.220 
  -0.116 
   0.249 
  -0.380 
  -0.058 
  -0.223 
   0.313 
  -0.196 
  -0.399 
   0.271 
   0.077 
   0.488 
  -0.353 
   0.158 
   0.683 
  -0.365 
  -0.105 
  -0.196 
   0.225 
   0.101 
   0.167 
  -0.049 
  -0.285 
   0.118 
  -0.404 
   0.078 
   0.154 
  -0.132 
  -0.256 
   0.006 
  -0.460 
   0.139 
   0.063 
   0.205 
  -0.054 
  -0.017 
   0.082 
  -0.110 
   0.109 
  -0.381 
   0.156 
   0.086 
  -0.030 
  -0.045 
  -0.218 
   0.067 
  -0.015 
   0.570 
  -0.247 
  -0.235 
  -0.342 
   0.238 
   0.045 
  -0.104 
   0.317 
   0.156 
   0.116 
  -0.043 
  -0.169 
  -0.047 
  -0.180 
   0.024 
   0.101 
  -0.072 
   0.292 
   0.241 
  -0.185 
   0.124 
  -0.462 
   0.278 
  -0.062 
  -0.172 
  -0.015 
   0.175 
   0.079 
   0.283 
  -0.032 
   0.013 
   0.143 
   0.098 
   0.611 
  -0.155 
   0.029 
  -0.139 
  -0.163 
   0.052 
  -0.401 
   0.295 
  -0.078 
  -0.270 
   0.312 
  -0.192 
  -0.131 
  -0.248 
  -0.129 
   0.418 
  -0.348 
  -0.059 
  -0.276 
   0.192 
  -0.135 
  -0.098 
  -0.275 
  -0.105 
  -0.454 
   0.390 
   0.024 
   0.301 
  -0.148 
  -0.018 
   0.172 
  -0.374 
  -0.305 
  -0.129 
  -0.086 
  -0.123 
   0.020 
  -0.190 
  -0.030 
   0.610 
   0.006 
  -0.178 
  -0.014 
   0.021 
   0.309 
  -0.197 
  -0.025 
   0.101 
  -0.373 
  -0.149 
   0.245 
  -0.342 
  -0.115 
  -0.184 
   0.025 
  -0.080 
  -0.145 
   0.045 
  -0.087 
  -0.170 
  -0.034 
  -0.059 
   0.480 
  -0.452 
  -0.054 
   0.260 
  -0.111 
   0.211 
   0.528 
  -0.519 
   0.119 
   0.088 
   0.016 
   0.037 
   0.228 
  -0.076 
   0.202 
  -0.223 
   0.166 
  -0.090 
   0.059 
   0.028 
   0.161 
   0.207 
  -0.097 
   0.023 
  -0.341 
   0.219 
   0.301 
   0.657 
   0.002 
   0.151 
   0.425 
  -0.326 
   0.229 
   0.083 
   0.044 
   0.027 
   0.068 
   0.097 
  -0.128 
   0.091 
  -0.193 
  -0.086 
  -0.198 
   0.186 
  -0.066 
  -0.581 
   0.513 
   0.131 
   0.770 
  -0.499 
   0.143 
   0.066 
   0.076 
  -0.083 
   0.174 
  -0.280 
  -0.193 
  -0.069 
   0.018 
   0.080 
   0.007 
   0.144 
   0.171 
  -0.261 
   0.123 
   0.219 
   0.567 
  -0.478 
   0.129 
   0.399 
  -0.099 
  -0.102 
  -0.181 
   0.133 
   0.057 
  -0.120 
  -0.119 
  -0.126 
  -0.394 
   0.013 
  -0.117 
  -0.224 
   0.215 
   0.041 
  -0.114 
   0.241 
  -0.093 
  -0.433 
   0.361 
   0.079 
   0.761 
  -0.469 
  -0.039 
  -0.046 
   0.186 
   0.095 
   0.221 
  -0.044 
   0.128 
   0.448 
  -0.292 
  -0.080 
  -0.423 
   0.040 
  -0.195 
  -0.532 
   0.390 
   0.054 
   0.564 
  -0.346 
   0.003 
   0.047 
  -0.207 
   0.283 
  -0.042 
   0.041 
  -0.018 
  -0.060 
  -0.563 
   0.373 
   0.004 
   0.353 
  -0.346 
  -0.372 
   0.031 
  -0.400 
   0.157 
   0.699 
  -0.491 
   0.056 
   0.006 
   0.065 
  -0.011 
  -0.263 
   0.147 
   0.128 
   0.390 
  -0.192 
  -0.018 
   0.903 
  -0.582 
   0.062 
  -0.061 
   0.261 
  -0.103 
  -0.423 
   0.424 
   0.010 
  -0.288 
   0.200 
   0.075 
   0.127 
  -0.111 
  -0.136 
   0.458 
  -0.381 
   0.018 
   0.836 
  -0.622 
   0.036 
  -0.132 
   0.008 
  -0.046 
   0.051 
   0.023 
   0.128 
  -0.019 
   0.013 
  -0.118 
  -0.285 
   0.093 
  -0.013 
   0.063 
  -0.040 
   0.046 
   0.063 
  -0.043 
  -0.029 
  -0.266 
   0.189 
  -0.289 
   0.380 
  -0.133 
   0.126 
  -0.170 
   0.207 
   0.669 
  -0.089 
  -0.050 
   0.561 
  -0.333 
  -0.097 
  -0.279 
   0.088 
  -0.047 
  -0.100 
  -0.049 
   0.004 
  -0.246 
   0.207 
   0.108 
   0.684 
  -0.180 
   0.162 
  -0.259 
   0.305 
   0.052 
   0.444 
  -0.323 
  -0.209 
  -0.160 
  -0.106 
  -0.071 
  -0.100 
   0.023 
   0.092 
  -0.065 
   0.031 
   0.058 
   0.073 
  -0.276 
   0.127 
   0.255 
   0.067 
   0.251 
   0.384 
  -0.070 
   0.042 
   0.608 
  -0.306 
   0.145 
   0.164 
  -0.094 
   0.057 
   0.358 
  -0.074 
   0.030 
   0.310 
  -0.230 
   0.089 
   0.400 
  -0.413 
  -0.121 
  -0.030 
  -0.112 
  -0.182 
  -0.383 
   0.291 
   0.152 
   0.028 
   0.068 
   0.311 
   0.111 
   0.049 
   0.037 
  -0.059 
  -0.049 
   0.102 
   0.071 
  -0.037 
   0.193 
   0.453 
  -0.244 
  -0.081 
  -0.320 
   0.180 
  -0.233 
  -0.314 
   0.163 
  -0.126 
   0.148 
  -0.238 
  -0.078 
   0.043 
  -0.029 
   0.136 
   0.406 
  -0.160 
   0.107 
  -0.247 
   0.033 
  -0.340 
  -0.424 
   0.247 
   0.077 
   0.133 
  -0.060 
  -0.088 
  -0.445 
   0.453 
   0.127 
   0.174 
   0.035 
   0.161 
   0.256 
  -0.262 
   0.035 
   0.073 
  -0.089 
   0.218 
   0.500 
   0.039 
  -0.065 
   0.353 
  -0.291 
   0.172 
  -0.351 
   0.109 
   0.176 
   0.146 
  -0.065 
   0.169 
   0.430 
  -0.045 
   0.188 
  -0.113 
   0.080 
   0.028 
   0.468 
  -0.326 
   0.250 
   0.086 
   0.023 
   0.094 
   0.134 
  -0.089 
  -0.065 
  -0.275 
   0.089 
   0.011 
   0.097 
  -0.136 
  -0.098 
   0.763 
  -0.062 
   0.202 
  -0.249 
   0.064 
   0.147 
  -0.317 
   0.178 
   0.572 
  -0.190 
   0.086 
  -0.235 
   0.039 
   0.062 
  -0.203 
   0.013 
  -0.057 
  -0.436 
   0.217 
  -0.086 
  -0.328 
  -0.104 
  -0.033 
   0.103 
  -0.408 
   0.162 
   0.443 
  -0.308 
  -0.287 
  -0.262 
  -0.035 
  -0.024 
   0.484 
  -0.491 
   0.038 
   0.508 
  -0.582 
  -0.094 
   0.364 
  -0.270 
  -0.111 
   0.480 
  -0.569 
   0.088 
   0.734 
  -0.433 
   0.174 
  -0.136 
   0.143 
  -0.109 
  -0.215 
   0.198 
   0.194 
  -0.032 
  -0.023 
   0.264 
  -0.157 
   0.002 
  -0.208 
  -0.366 
   0.156 
   0.059 
   0.334 
  -0.121 
   0.071 
  -0.042 
   0.015 
  -0.052 
   0.366 
  -0.313 
   0.122 
   0.253 
  -0.272 
   0.183 
   0.623 
  -0.227 
  -0.172 
  -0.166 
  -0.112 
  -0.030 
  -0.070 
   0.183 
   0.033 
  -0.174 
   0.169 
   0.160 
   0.181 
  -0.107 
  -0.065 
   0.171 
  -0.178 
   0.041 
   0.160 
  -0.202 
   0.275 
   0.660 
  -0.267 
  -0.279 
   0.230 
  -0.522 
   0.031 
   0.093 
   0.096 
  -0.009 
   0.294 
  -0.214 
  -0.041 
  -0.454 
   0.232 
   0.242 
   0.075 
   0.062 
  -0.064 
   0.180 
  -0.009 
   0.023 
   0.015 
  -0.113 
   0.063 
  -0.259 
   0.448 
   0.068 
  -0.044 
  -0.171 
   0.208 
   0.779 
  -0.438 
   0.239 
   0.409 
  -0.097 
  -0.039 
  -0.383 
   0.019 
  -0.027 
   0.101 
  -0.099 
   0.148 
   0.478 
  -0.468 
  -0.051 
  -0.162 
   0.048 
   0.033 
  -0.139 
   0.164 
   0.016 
  -0.262 
   0.444 
   0.079 
   0.641 
  -0.249 
   0.037 
  -0.004 
   0.237 
   0.016 
  -0.452 
   0.516 
   0.198 
   0.025 
  -0.104 
   0.128 
  -0.266 
  -0.621 
   0.481 
   0.326 
   0.008 
  -0.255 
   0.245 
   0.050 
  -0.325 
   0.401 
   0.028 
   0.379 
  -0.413 
   0.043 
  -0.355 
   0.375 
   0.020 
   0.202 
  -0.145 
  -0.022 
  -0.257 
   0.216 
  -0.014 
  -0.521 
   0.356 
   0.194 
   0.091 
  -0.223 
   0.078 
  -0.146 
   0.031 
   0.082 
  -0.047 
  -0.146 
  -0.007 
  -0.271 
   0.218 
   0.054 
   0.059 
   0.010 
  -0.008 
  -0.310 
  -0.494 
   0.379 
   0.129 
   0.321 
  -0.077 
  -0.208 
  -0.012 
  -0.119 
   0.002 
  -0.128 
   0.387 
   0.198 
  -0.488 
   0.404 
   0.128 
  -0.459 
   0.316 
  -0.018 
   0.390 
  -0.418 
  -0.143 
  -0.396 
   0.324 
   0.229 
   0.501 
  -0.288 
  -0.038 
  -0.052 
  -0.176 
  -0.052 
  -0.196 
   0.074 
   0.114 
   0.396 
  -0.137 
   0.199 
   0.152 
  -0.190 
  -0.102 
  -0.453 
   0.188 
  -0.043 
   0.114 
  -0.260 
   0.040 
   0.190 
  -0.139 
   0.024 
  -0.390 
   0.340 
   0.031 
   0.038 
  -0.033 
   0.224 
   0.845 
  -0.375 
  -0.021 
  -0.297 
   0.247 
  -0.023 
   0.277 
  -0.016 
   0.027 
   0.362 
  -0.228 
  -0.009 
  -0.048 
   0.227 
   0.024 
   0.610 
  -0.322 
  -0.094 
   0.453 
  -0.498 
  -0.078 
  -0.367 
   0.320 
   0.031 
   0.372 
  -0.422 
   0.154 
   0.096 
   0.105 
  -0.025 
   0.608 
  -0.245 
   0.034 
   0.110 
  -0.138 
  -0.122 
  -0.515 
   0.154 
  -0.128 
  -0.042 
  -0.005 
   0.230 
   0.656 
  -0.272 
   0.067 
  -0.183 
   0.414 
  -0.068 
   0.296 
  -0.078 
  -0.113 
  -0.331 
   0.348 
   0.080 
   0.245 
  -0.261 
   0.236 
   0.727 
  -0.352 
   0.144 
   0.355 
  -0.335 
  -0.010 
  -0.267 
   0.152 
   0.013 
  -0.025 
   0.049 
   0.105 
  -0.054 
   0.186 
  -0.039 
  -0.110 
  -0.116 
   0.161 
   0.539 
  -0.038 
  -0.038 
   0.548 
  -0.284 
   0.012 
   0.022 
  -0.146 
   0.077 
  -0.290 
   0.253 
   0.079 
   0.202 
  -0.098 
  -0.108 
   0.313 
  -0.592 
   0.122 
   0.011 
   0.097 
   0.044 
   0.269 
   0.050 
   0.026 
  -0.333 
   0.202 
   0.049 
  -0.288 
   0.177 
  -0.009 
   0.150 
   0.010 
   0.188 
  -0.583 
  -0.250 
  -0.619 
   0.287 
  -0.093 
   0.010 
  -0.203 
   0.074 
  -0.246 
   0.191 
  -0.037 
  -0.103 
  -0.165 
  -0.012 
   0.072 
  -0.024 
  -0.138 
  -0.559 
   0.330 
  -0.182 
  -0.339 
   0.138 
   0.074 
   0.442 
  -0.337 
  -0.034 
  -0.375 
   0.261 
   0.063 
   0.053 
   0.109 
   0.008 
   0.110 
  -0.118 
   0.107 
  -0.012 
   0.217 
   0.178 
   0.131 
  -0.026 
   0.064 
  -0.161 
   0.143 
   0.104 
   0.018 
   0.026 
   0.203 
   0.800 
  -0.010 
   0.108 
  -0.103 
  -0.099 
   0.638 
   0.113 
   0.256 
  -0.350 
   0.013 
  -0.360 
   0.516 
   0.211 
   0.058 
   0.093 
  -0.054 
  -0.167 
   0.069 
   0.009 
   0.361 
  -0.441 
  -0.107 
  -0.388 
   0.350 
   0.146 
   0.284 
  -0.285 
  -0.048 
   0.594 
  -0.030 
   0.019 
   0.003 
   0.138 
   0.054 
   0.005 
   0.041 
  -0.038 
   0.159 
   0.005 
  -0.376 
   0.419 
  -0.126 
   0.511 
  -0.075 
   0.496 
  -0.457 
  -0.118 
  -0.072 
   0.226 
   0.119 
  -0.031 
   0.042 
  -0.024 
  -0.381 
   0.341 
  -0.132 
   0.251 
  -0.390 
  -0.198 
  -0.437 
   0.324 
  -0.157 
  -0.270 
   0.213 
  -0.052 
  -0.015 
  -0.078 
  -0.031 
  -0.114 
   0.030 
  -0.156 
  -0.575 
   0.443 
   0.085 
   0.375 
  -0.216 
   0.077 
   0.249 
  -0.220 
  -0.002 
  -0.206 
   0.286 
   0.013 
   0.342 
  -0.066 
  -0.077 
  -0.013 
   0.134 
  -0.057 
  -0.277 
   0.159 
   0.041 
   0.045 
   0.056 
  -0.055 
  -0.033 
  -0.254 
  -0.085 
  -0.489 
   0.354 
  -0.081 
   0.057 
  -0.092 
  -0.024 
  -0.269 
   0.193 
  -0.120 
   0.033 
  -0.008 
   0.088 
   0.005 
   0.358 
   0.016 
   0.143 
  -0.138 
  -0.042 
  -0.316 
   0.323 
   0.086 
   0.347 
  -0.181 
   0.059 
   0.042 
  -0.101 
  -0.322 
  -0.331 
  -0.017 
   0.241 
   0.307 
  -0.140 
   0.139 
   0.150 
  -0.046 
   0.022 
   0.135 
  -0.305 
   0.090 
   0.401 
  -0.161 
   0.119 
   0.292 
  -0.402 
   0.142 
   0.137 
  -0.017 
  -0.164 
  -0.285 
   0.274 
   0.153 
   0.809 
  -0.521 
   0.162 
  -0.088 
  -0.312 
   0.328 
  -0.005 
  -0.160 
   0.164 
   0.057 
  -0.008 
  -0.169 
   0.182 
  -0.274 
  -0.467 
   0.315 
  -0.005 
  -0.174 
   0.006 
  -0.174 
  -0.382 
   0.296 
   0.007 
   0.066 
  -0.025 
   0.051 
  -0.043 
   0.019 
  -0.059 
  -0.325 
   0.153 
   0.246 
   0.150 
   0.074 
  -0.107 
  -0.384 
   0.090 
   0.174 
   0.129 
  -0.027 
   0.196 
   0.687 
  -0.198 
   0.008 
  -0.311 
   0.117 
  -0.031 
   0.731 
  -0.407 
   0.220 
   0.214 
  -0.161 
  -0.171 
  -0.416 
   0.269 
  -0.060 
   0.013 
  -0.043 
   0.045 
  -0.143 
   0.216 
  -0.095 
  -0.287 
   0.160 
  -0.011 
  -0.098 
   0.057 
   0.098 
  -0.236 
   0.218 
  -0.290 
  -0.470 
   0.359 
  -0.022 
   0.550 
  -0.197 
  -0.194 
  -0.018 
  -0.108 
   0.200 
   0.666 
  -0.335 
   0.039 
   0.591 
  -0.211 
  -0.104 
   0.095 
  -0.104 
   0.027 
   0.673 
  -0.425 
  -0.141 
   0.115 
  -0.139 
  -0.063 
   0.006 
   0.017 
  -0.167 
  -0.313 
   0.302 
  -0.113 
   0.094 
  -0.006 
   0.148 
   0.494 
  -0.272 
   0.076 
   0.327 
  -0.169 
  -0.097 
  -0.006 
  -0.116 
   0.083 
   0.171 
  -0.376 
   0.080 
   0.101 
  -0.000 
   0.125 
   0.440 
  -0.381 
  -0.015 
  -0.202 
  -0.047 
  -0.267 
  -0.077 
   0.078 
  -0.124 
   0.212 
  -0.004 
  -0.100 
  -0.025 
   0.122 
  -0.110 
   0.275 
  -0.435 
   0.246 
   0.642 
  -0.082 
   0.099 
   0.018 
   0.153 
   0.151 
  -0.002 
   0.089 
  -0.083 
  -0.052 
   0.164 
  -0.057 
  -0.406 
   0.489 
  -0.372 
   0.422 
  -0.085 
  -0.148 
   0.141 
  -0.159 
  -0.127 
  -0.295 
   0.006 
   0.113 
  -0.058 
   0.139 
   0.070 
   0.049 
   0.023 
   0.258 
  -0.077 
  -0.140 
   0.591 
   0.116 
  -0.057 
   0.033 
  -0.023 
  -0.227 
  -0.028 
   0.012 
  -0.051 
   0.200 
  -0.040 
  -0.598 
   0.500 
   0.047 
   0.336 
  -0.270 
  -0.129 
  -0.022 
   0.013 
  -0.239 
   0.308 
   0.008 
   0.316 
  -0.147 
  -0.048 
   0.088 
  -0.057 
  -0.192 
  -0.378 
   0.300 
  -0.067 
  -0.267 
   0.204 
   0.071 
   0.349 
  -0.191 
  -0.208 
  -0.192 
   0.174 
  -0.184 
  -0.257 
   0.240 
   0.355 
   0.572 
  -0.120 
   0.042 
   0.222 
  -0.342 
  -0.005 
   0.850 
  -0.224 
   0.112 
  -0.414 
  -0.214 
  -0.522 
   0.348 
  -0.036 
  -0.433 
   0.238 
  -0.009 
  -0.445 
   0.267 
  -0.117 
  -0.298 
   0.132 
  -0.095 
   0.118 
  -0.182 
   0.018 
   0.231 
   0.011 
  -0.113 
  -0.107 
   0.010 
   0.011 
   0.112 
  -0.007 
   0.109 
   0.292 
  -0.387 
  -0.024 
   0.228 
  -0.371 
   0.140 
   0.398 
  -0.185 
   0.137 
  -0.071 
   0.095 
  -0.014 
   0.297 
  -0.177 
   0.132 
  -0.482 
   0.389 
   0.042 
   0.757 
  -0.485 
  -0.048 
  -0.230 
   0.106 
   0.124 
   0.308 
  -0.167 
   0.128 
   0.324 
  -0.073 
   0.064 
   0.193 
  -0.193 
  -0.152 
  -0.367 
   0.250 
   0.055 
  -0.065 
   0.303 
   0.029 
  -0.343 
   0.236 
  -0.054 
  -0.353 
   0.002 
   0.004 
   0.023 
  -0.069 
  -0.092 
  -0.044 
  -0.023 
  -0.047 
   0.144 
  -0.126 
  -0.038 
   0.138 
  -0.156 
  -0.041 
   0.547 
  -0.242 
  -0.096 
   0.643 
  -0.201 
   0.029 
  -0.183 
   0.027 
  -0.298 
  -0.040 
   0.024 
  -0.315 
   0.229 
   0.008 
   0.215 
  -0.179 
  -0.098 
   0.200 
  -0.261 
   0.082 
   0.239 
  -0.258 
  -0.044 
   0.323 
  -0.032 
  -0.022 
  -0.240 
   0.182 
   0.326 
   0.376 
  -0.086 
   0.197 
   0.621 
  -0.222 
   0.048 
   0.148 
  -0.223 
  -0.311 
   0.083 
  -0.413 
   0.013 
  -0.426 
   0.351 
  -0.259 
  -0.289 
   0.162 
  -0.056 
   0.383 
  -0.362 
   0.114 
  -0.018 
  -0.087 
  -0.218 
  -0.255 
   0.150 
  -0.093 
  -0.591 
   0.443 
   0.126 
  -0.222 
   0.073 
   0.137 
  -0.042 
   0.002 
  -0.385 
  -0.554 
   0.266 
  -0.033 
  -0.223 
   0.118 
   0.007 
   0.231 
  -0.293 
   0.188 
   0.281 
  -0.240 
   0.038 
   0.455 
  -0.246 
  -0.417 
  -0.333 
   0.119 
  -0.183 
  -0.345 
   0.054 
  -0.047 
  -0.146 
  -0.124 
  -0.043 
   0.240 
  -0.254 
   0.020 
  -0.532 
   0.343 
  -0.028 
   0.578 
  -0.581 
   0.244 
   0.772 
  -0.330 
   0.150 
   0.395 
  -0.174 
  -0.014 
   0.164 
  -0.297 
  -0.025 
   0.003 
  -0.111 
   0.087 
   0.375 
  -0.214 
  -0.180 
   0.136 
  -0.165 
   0.031 
   0.124 
  -0.098 
   0.021 
   0.027 
   0.030 
  -0.020 
  -0.115 
   0.103 
  -0.091 
  -0.085 
  -0.116 
  -0.236 
   0.494 
  -0.054 
  -0.267 
   0.400 
   0.117 
  -0.064 
  -0.004 
   0.062 
   0.224 
  -0.350 
   0.068 
   0.329 
  -0.183 
  -0.117 
   0.105 
  -0.166 
  -0.264 
  -0.388 
   0.286 
  -0.143 
  -0.389 
   0.197 
   0.005 
  -0.503 
   0.553 
   0.197 
   0.154 
   0.008 
  -0.389 
   0.062 
  -0.271 
   0.048 
   0.069 
  -0.110 
   0.015 
  -0.125 
   0.016 
  -0.103 
   0.061 
  -0.238 
  -0.080 
  -0.225 
   0.291 
   0.233 
   0.508 
  -0.427 
   0.062 
   0.467 
  -0.331 
   0.061 
  -0.062 
   0.328 
  -0.005 
   0.540 
  -0.615 
   0.036 
   0.218 
  -0.155 
  -0.202 
  -0.142 
  -0.105 
  -0.046 
  -0.399 
   0.223 
   0.011 
  -0.208 
   0.199 
   0.017 
  -0.323 
   0.039 
   0.282 
   0.445 
  -0.151 
   0.072 
   0.211 
  -0.217 
   0.106 
   0.608 
  -0.224 
  -0.235 
  -0.450 
   0.194 
  -0.255 
  -0.124 
  -0.246 
  -0.166 
  -0.581 
   0.413 
  -0.326 
  -0.193 
   0.003 
  -0.164 
  -0.309 
  -0.039 
  -0.231 
  -0.241 
   0.028 
   0.055 
   0.031 
   0.090 
   0.062 
   0.834 
  -0.108 
  -0.128 
   0.031 
  -0.010 
   0.394 
  -0.200 
   0.159 
   0.444 
  -0.383 
  -0.068 
   0.655 
  -0.338 
   0.074 
  -0.104 
   0.115 
  -0.165 
   0.283 
  -0.596 
   0.160 
   0.767 
  -0.326 
  -0.043 
  -0.422 
   0.316 
   0.147 
   0.563 
  -0.172 
  -0.116 
   0.072 
   0.011 
   0.015 
   0.301 
  -0.209 
   0.014 
  -0.201 
   0.089 
   0.056 
  -0.368 
  -0.000 
   0.102 
   0.218 
  -0.215 
  -0.157 
  -0.485 
   0.257 
   0.252 
   0.307 
  -0.224 
  -0.262 
  -0.238 
   0.142 
   0.082 
  -0.002 
   0.170 
   0.029 
   0.082 
  -0.002 
  -0.018 
   0.050 
  -0.048 
   0.399 
  -0.616 
  -0.192 
  -0.356 
   0.045 
  -0.154 
  -0.599 
   0.473 
   0.080 
   0.028 
  -0.101 
  -0.221 
   0.179 
  -0.174 
   0.079 
   0.621 
  -0.487 
   0.200 
   0.020 
  -0.066 
   0.039 
   0.174 
   0.035 
  -0.139 
   0.196 
  -0.403 
  -0.274 
  -0.360 
   0.198 
   0.187 
   0.096 
  -0.020 
  -0.171 
  -0.449 
   0.369 
   0.071 
  -0.195 
   0.033 
   0.165 
   0.400 
  -0.174 
  -0.033 
  -0.016 
   0.109 
  -0.057 
  -0.219 
   0.030 
