  -0.260 
  -0.090 
  -0.082 
   0.573 
   0.105 
   0.207 
  -0.045 
  -0.135 
  -0.047 
  -0.141 
   0.140 
  -0.013 
   0.020 
  -0.047 
  -0.282 
  -0.228 
   0.016 
  -0.332 
   0.141 
   0.358 
  -0.184 
  -0.166 
   0.138 
   0.123 
   0.273 
  -0.068 
  -0.128 
  -0.001 
  -0.092 
   0.267 
  -0.086 
   0.293 
  -0.118 
  -0.211 
  -0.024 
  -0.144 
  -0.169 
  -0.134 
   0.195 
   0.625 
  -0.186 
   0.134 
   0.132 
   0.597 
   0.613 
   0.076 
  -0.193 
   0.137 
  -0.065 
  -0.002 
  -0.210 
  -0.256 
   0.054 
   0.622 
  -0.077 
   0.307 
  -0.153 
   0.577 
   0.117 
  -0.091 
   0.137 
   0.631 
  -0.126 
  -0.190 
   0.120 
   0.128 
   0.278 
  -0.278 
  -0.048 
   0.310 
   0.556 
  -0.066 
  -0.214 
  -0.120 
  -0.351 
  -0.049 
  -0.220 
  -0.099 
   0.007 
   0.601 
   0.612 
   0.134 
  -0.090 
  -0.116 
  -0.157 
   0.273 
  -0.197 
   0.152 
  -0.270 
  -0.117 
   0.332 
  -0.274 
   0.376 
  -0.144 
   0.007 
   0.128 
  -0.222 
   0.256 
   0.600 
  -0.071 
   0.244 
  -0.067 
   0.373 
  -0.308 
  -0.003 
  -0.119 
   0.289 
  -0.159 
   0.197 
   0.302 
  -0.100 
   0.086 
  -0.329 
   0.115 
  -0.179 
  -0.069 
  -0.162 
  -0.108 
   0.363 
   0.604 
  -0.026 
   0.119 
  -0.158 
  -0.054 
  -0.089 
   0.633 
   0.132 
  -0.073 
  -0.061 
  -0.000 
  -0.128 
  -0.134 
  -0.087 
   0.158 
  -0.059 
   0.184 
  -0.131 
   0.194 
   0.162 
   0.200 
   0.618 
   0.181 
  -0.257 
  -0.108 
  -0.095 
  -0.224 
  -0.160 
  -0.060 
  -0.088 
  -0.159 
   0.003 
  -0.036 
   0.283 
   0.131 
  -0.031 
   0.080 
  -0.114 
  -0.168 
  -0.239 
  -0.020 
  -0.136 
  -0.191 
  -0.124 
   0.606 
  -0.127 
  -0.100 
   0.145 
   0.151 
  -0.156 
   0.563 
   0.620 
   0.202 
  -0.131 
  -0.316 
  -0.156 
  -0.129 
  -0.249 
   0.014 
  -0.057 
   0.280 
   0.592 
  -0.158 
   0.133 
  -0.078 
   0.167 
   0.319 
   0.162 
  -0.068 
   0.099 
  -0.091 
  -0.172 
  -0.087 
   0.297 
  -0.061 
   0.391 
   0.052 
  -0.021 
  -0.059 
  -0.047 
   0.062 
  -0.054 
  -0.136 
  -0.129 
  -0.027 
   0.358 
   0.120 
   0.367 
  -0.229 
  -0.097 
  -0.108 
  -0.140 
   0.296 
   0.260 
  -0.145 
  -0.101 
  -0.245 
  -0.302 
  -0.154 
   0.610 
  -0.095 
  -0.092 
   0.114 
  -0.122 
  -0.184 
  -0.193 
  -0.239 
   0.266 
   0.112 
   0.257 
  -0.130 
  -0.303 
   0.109 
  -0.234 
  -0.115 
  -0.104 
   0.148 
  -0.178 
  -0.251 
  -0.170 
   0.017 
  -0.205 
   0.117 
  -0.024 
  -0.238 
  -0.062 
   0.160 
  -0.084 
   0.032 
  -0.153 
  -0.127 
   0.597 
  -0.142 
  -0.163 
   0.268 
   0.118 
  -0.191 
  -0.116 
   0.071 
  -0.059 
  -0.135 
   0.157 
   0.281 
  -0.137 
  -0.271 
   0.582 
   0.021 
   0.132 
  -0.027 
  -0.203 
  -0.059 
   0.119 
  -0.002 
  -0.125 
  -0.195 
  -0.088 
   0.613 
  -0.394 
  -0.095 
  -0.182 
  -0.115 
  -0.135 
  -0.112 
   0.149 
  -0.042 
  -0.080 
   0.163 
   0.108 
  -0.213 
  -0.304 
  -0.172 
   0.041 
   0.195 
  -0.122 
   0.091 
  -0.083 
  -0.063 
  -0.039 
   0.005 
  -0.124 
  -0.113 
   0.016 
  -0.092 
  -0.135 
  -0.084 
  -0.054 
  -0.200 
  -0.192 
   0.263 
   0.092 
   0.107 
  -0.175 
  -0.176 
  -0.247 
  -0.081 
  -0.077 
   0.612 
   0.103 
  -0.175 
  -0.118 
  -0.161 
  -0.230 
  -0.116 
   0.000 
  -0.147 
   0.105 
  -0.238 
  -0.204 
   0.246 
  -0.037 
   0.595 
  -0.072 
  -0.091 
  -0.147 
  -0.111 
  -0.138 
  -0.087 
  -0.238 
   0.151 
  -0.135 
  -0.069 
   0.345 
   0.270 
  -0.107 
   0.086 
  -0.239 
  -0.090 
  -0.063 
   0.246 
  -0.033 
  -0.016 
  -0.045 
   0.090 
   0.018 
   0.009 
  -0.073 
   0.306 
   0.007 
  -0.238 
   0.319 
  -0.050 
  -0.203 
  -0.199 
  -0.121 
   0.093 
  -0.034 
  -0.166 
   0.116 
  -0.198 
  -0.290 
  -0.270 
  -0.317 
   0.271 
  -0.130 
  -0.003 
  -0.040 
  -0.228 
  -0.345 
  -0.119 
   0.308 
  -0.285 
   0.222 
   0.007 
   0.049 
   0.144 
   0.279 
  -0.191 
  -0.113 
  -0.004 
  -0.193 
  -0.272 
  -0.001 
  -0.131 
   0.115 
   0.069 
   0.623 
  -0.267 
  -0.134 
   0.607 
   0.351 
   0.134 
  -0.090 
  -0.194 
  -0.148 
  -0.116 
  -0.175 
  -0.107 
  -0.299 
  -0.090 
   0.321 
  -0.133 
  -0.158 
  -0.144 
   0.296 
  -0.025 
  -0.095 
  -0.138 
  -0.129 
  -0.190 
  -0.089 
  -0.239 
  -0.236 
  -0.211 
  -0.179 
  -0.021 
   0.240 
   0.372 
   0.598 
  -0.101 
  -0.341 
  -0.115 
  -0.109 
  -0.195 
  -0.073 
  -0.049 
  -0.244 
  -0.304 
  -0.068 
   0.280 
   0.011 
  -0.192 
  -0.190 
   0.004 
  -0.183 
  -0.088 
   0.133 
   0.379 
  -0.291 
  -0.204 
  -0.088 
  -0.166 
   0.143 
  -0.044 
   0.137 
  -0.096 
  -0.007 
   0.026 
   0.579 
   0.007 
   0.602 
  -0.269 
  -0.094 
  -0.056 
   0.617 
  -0.112 
  -0.397 
   0.571 
  -0.028 
  -0.082 
   0.095 
   0.061 
  -0.424 
  -0.215 
   0.062 
  -0.002 
  -0.033 
   0.063 
  -0.167 
   0.265 
  -0.153 
   0.602 
  -0.040 
  -0.014 
  -0.259 
  -0.104 
   0.098 
  -0.156 
  -0.049 
  -0.108 
   0.270 
  -0.159 
  -0.031 
  -0.223 
   0.261 
   0.329 
  -0.034 
  -0.029 
   0.009 
  -0.129 
   0.251 
  -0.141 
  -0.245 
   0.099 
  -0.136 
  -0.142 
  -0.092 
  -0.255 
  -0.208 
  -0.113 
  -0.175 
  -0.037 
  -0.142 
  -0.236 
  -0.480 
  -0.017 
  -0.112 
  -0.155 
  -0.227 
   0.024 
  -0.208 
   0.136 
  -0.189 
  -0.142 
  -0.090 
   0.147 
  -0.142 
  -0.106 
  -0.256 
  -0.121 
  -0.446 
  -0.075 
  -0.106 
  -0.080 
   0.270 
  -0.134 
  -0.201 
  -0.006 
  -0.206 
   0.268 
   0.122 
  -0.141 
  -0.141 
   0.059 
   0.171 
  -0.048 
   0.026 
  -0.225 
   0.286 
  -0.201 
  -0.198 
   0.136 
  -0.122 
  -0.067 
   0.108 
  -0.065 
   0.586 
  -0.074 
  -0.077 
  -0.209 
  -0.349 
   0.133 
  -0.223 
  -0.096 
  -0.211 
  -0.093 
  -0.136 
  -0.130 
   0.059 
  -0.136 
   0.357 
  -0.012 
  -0.022 
  -0.208 
   0.025 
  -0.106 
   0.255 
  -0.209 
   0.090 
  -0.098 
  -0.216 
   0.132 
   0.045 
   0.292 
  -0.206 
  -0.187 
   0.103 
   0.102 
  -0.232 
  -0.082 
  -0.243 
  -0.033 
   0.163 
   0.213 
   0.160 
  -0.218 
   0.279 
   0.145 
  -0.202 
  -0.292 
  -0.156 
  -0.077 
  -0.168 
   0.067 
  -0.131 
   0.287 
  -0.171 
  -0.099 
   0.573 
   0.215 
   0.252 
   0.080 
  -0.118 
  -0.228 
  -0.230 
   0.024 
   0.281 
  -0.155 
   0.585 
  -0.074 
   0.309 
   0.081 
  -0.244 
  -0.287 
  -0.240 
   0.655 
  -0.252 
   0.338 
  -0.060 
  -0.025 
   0.290 
  -0.107 
  -0.079 
  -0.007 
  -0.044 
  -0.048 
  -0.131 
   0.322 
   0.094 
  -0.150 
  -0.094 
  -0.194 
  -0.113 
   0.370 
  -0.095 
   0.043 
   0.156 
   0.633 
   0.044 
  -0.301 
   0.619 
   0.333 
  -0.040 
  -0.189 
  -0.102 
  -0.177 
   0.040 
  -0.018 
   0.101 
  -0.047 
   0.275 
  -0.077 
   0.017 
   0.276 
   0.103 
  -0.197 
   0.102 
  -0.210 
  -0.057 
  -0.076 
  -0.048 
   0.085 
  -0.248 
  -0.129 
  -0.032 
  -0.014 
   0.298 
   0.004 
  -0.162 
   0.153 
   0.006 
   0.017 
  -0.042 
   0.119 
   0.153 
   0.279 
   0.345 
  -0.091 
  -0.117 
   0.002 
  -0.053 
  -0.093 
   0.235 
   0.278 
  -0.188 
   0.103 
   0.033 
   0.144 
   0.709 
  -0.182 
   0.598 
  -0.044 
  -0.034 
   0.307 
   0.105 
  -0.211 
   0.154 
   0.608 
  -0.025 
  -0.100 
   0.133 
  -0.108 
  -0.330 
  -0.129 
   0.592 
   0.042 
  -0.229 
   0.090 
   0.132 
  -0.000 
   0.042 
   0.257 
   0.308 
  -0.252 
   0.132 
   0.073 
  -0.193 
   0.254 
  -0.165 
   0.304 
  -0.026 
   0.248 
  -0.315 
   0.170 
   0.442 
  -0.060 
  -0.105 
  -0.207 
   0.278 
  -0.141 
  -0.294 
   0.090 
  -0.179 
  -0.239 
  -0.290 
  -0.120 
   0.090 
  -0.184 
   0.585 
   0.006 
   0.573 
   0.260 
  -0.095 
   0.128 
  -0.034 
   0.168 
   0.304 
   0.006 
   0.360 
  -0.101 
  -0.199 
  -0.273 
  -0.236 
  -0.068 
  -0.010 
   0.171 
   0.049 
  -0.142 
  -0.225 
  -0.176 
  -0.106 
  -0.088 
   0.578 
   0.413 
   0.060 
   0.282 
   0.351 
  -0.030 
   0.376 
   0.068 
   0.258 
  -0.218 
   0.602 
   0.351 
  -0.082 
  -0.037 
   0.574 
  -0.042 
  -0.096 
  -0.185 
  -0.159 
  -0.161 
  -0.233 
  -0.132 
   0.270 
  -0.203 
   0.080 
  -0.171 
  -0.039 
  -0.121 
  -0.276 
   0.276 
   0.199 
   0.328 
   0.126 
  -0.087 
  -0.083 
   0.230 
  -0.404 
  -0.203 
  -0.179 
  -0.218 
   0.184 
   0.634 
   0.042 
   0.275 
   0.327 
   0.262 
   0.031 
  -0.306 
  -0.101 
  -0.249 
  -0.095 
  -0.064 
  -0.029 
  -0.079 
  -0.151 
  -0.006 
  -0.065 
   0.054 
   0.042 
   0.261 
  -0.182 
  -0.172 
  -0.034 
  -0.128 
  -0.074 
   0.133 
  -0.033 
  -0.176 
   0.005 
  -0.102 
  -0.111 
  -0.205 
   0.295 
  -0.265 
   0.583 
  -0.070 
  -0.232 
  -0.100 
  -0.213 
  -0.123 
  -0.166 
  -0.166 
  -0.147 
  -0.082 
  -0.076 
  -0.204 
  -0.079 
  -0.104 
   0.014 
  -0.156 
   0.376 
  -0.099 
  -0.074 
  -0.171 
  -0.171 
  -0.026 
   0.042 
  -0.017 
   0.198 
   0.222 
  -0.242 
  -0.245 
   0.307 
   0.141 
   0.130 
  -0.022 
  -0.004 
   0.247 
  -0.342 
  -0.184 
   0.094 
  -0.028 
   0.163 
  -0.146 
  -0.223 
  -0.254 
   0.619 
   0.397 
  -0.065 
   0.007 
   0.139 
   0.582 
  -0.224 
  -0.223 
   0.222 
   0.119 
  -0.037 
  -0.007 
   0.445 
  -0.280 
  -0.243 
  -0.174 
   0.040 
   0.231 
   0.341 
   0.592 
   0.106 
   0.057 
  -0.115 
   0.278 
   0.261 
  -0.009 
   0.063 
   0.104 
  -0.150 
  -0.005 
  -0.048 
  -0.121 
  -0.009 
   0.067 
  -0.175 
  -0.184 
   0.144 
   0.075 
   0.196 
   0.005 
  -0.208 
   0.092 
  -0.101 
  -0.391 
   0.152 
   0.017 
  -0.230 
  -0.475 
  -0.186 
  -0.232 
  -0.243 
  -0.332 
  -0.041 
   0.405 
   0.223 
  -0.021 
   0.138 
  -0.136 
  -0.205 
  -0.176 
   0.222 
  -0.293 
  -0.318 
  -0.121 
  -0.236 
  -0.056 
   0.315 
  -0.189 
  -0.264 
  -0.266 
  -0.050 
  -0.087 
  -0.154 
   0.029 
  -0.119 
  -0.148 
   0.126 
   0.154 
  -0.027 
  -0.321 
  -0.053 
  -0.042 
  -0.069 
   0.310 
   0.134 
   0.290 
  -0.264 
  -0.149 
   0.279 
  -0.016 
  -0.161 
  -0.100 
  -0.074 
  -0.110 
  -0.202 
   0.292 
  -0.100 
  -0.032 
  -0.012 
  -0.128 
   0.273 
   0.119 
  -0.022 
   0.270 
  -0.022 
  -0.026 
   0.042 
  -0.023 
  -0.148 
  -0.234 
   0.118 
   0.049 
   0.139 
  -0.140 
  -0.085 
  -0.114 
   0.547 
  -0.014 
  -0.082 
   0.267 
  -0.159 
  -0.139 
  -0.041 
   0.061 
   0.181 
  -0.333 
   0.103 
  -0.079 
  -0.250 
  -0.150 
  -0.053 
   0.034 
   0.178 
  -0.022 
   0.321 
  -0.027 
  -0.113 
  -0.009 
  -0.114 
   0.093 
   0.172 
   0.300 
  -0.249 
   0.006 
  -0.207 
   0.611 
  -0.251 
  -0.217 
   0.555 
  -0.234 
  -0.010 
   0.615 
  -0.320 
  -0.069 
  -0.116 
   0.046 
  -0.201 
  -0.007 
  -0.253 
  -0.095 
   0.564 
  -0.159 
  -0.204 
  -0.157 
  -0.100 
  -0.305 
   0.625 
   0.177 
  -0.205 
  -0.027 
  -0.146 
  -0.060 
  -0.148 
  -0.152 
  -0.088 
  -0.357 
  -0.069 
  -0.019 
   0.260 
  -0.076 
   0.040 
  -0.292 
  -0.194 
  -0.053 
  -0.087 
  -0.110 
  -0.069 
  -0.221 
  -0.247 
  -0.224 
  -0.073 
   0.555 
  -0.167 
  -0.176 
  -0.113 
   0.328 
  -0.054 
   0.616 
  -0.330 
   0.068 
   0.534 
  -0.173 
  -0.085 
  -0.052 
  -0.219 
  -0.289 
  -0.072 
   0.616 
  -0.083 
  -0.092 
   0.011 
  -0.089 
  -0.116 
  -0.097 
  -0.036 
  -0.181 
  -0.186 
  -0.124 
  -0.107 
  -0.262 
   0.014 
  -0.176 
  -0.097 
  -0.131 
  -0.078 
  -0.152 
  -0.129 
  -0.248 
  -0.084 
  -0.252 
  -0.209 
   0.263 
  -0.187 
   0.314 
   0.064 
  -0.132 
  -0.042 
  -0.146 
   0.143 
   0.185 
   0.347 
   0.150 
  -0.175 
  -0.127 
  -0.063 
  -0.136 
   0.106 
  -0.091 
  -0.254 
   0.075 
  -0.024 
  -0.102 
  -0.348 
  -0.140 
  -0.097 
   0.097 
   0.634 
   0.106 
  -0.308 
   0.018 
  -0.153 
  -0.301 
  -0.189 
   0.131 
   0.008 
   0.294 
  -0.008 
   0.110 
   0.578 
  -0.195 
  -0.109 
  -0.079 
  -0.190 
  -0.173 
   0.015 
  -0.017 
  -0.139 
  -0.239 
  -0.211 
   0.066 
   0.596 
  -0.101 
  -0.204 
   0.062 
  -0.154 
   0.116 
   0.291 
  -0.117 
   0.002 
  -0.219 
   0.049 
   0.155 
   0.226 
  -0.012 
   0.298 
  -0.207 
  -0.070 
   0.204 
  -0.069 
  -0.009 
  -0.129 
   0.005 
   0.013 
  -0.178 
   0.597 
  -0.197 
   0.563 
  -0.125 
  -0.179 
  -0.077 
   0.282 
   0.120 
  -0.146 
  -0.068 
   0.106 
   0.157 
   0.017 
  -0.083 
  -0.134 
   0.041 
   0.105 
  -0.256 
   0.056 
  -0.234 
   0.566 
  -0.065 
  -0.190 
  -0.194 
   0.041 
  -0.034 
   0.138 
   0.273 
  -0.088 
   0.175 
   0.202 
  -0.045 
  -0.115 
  -0.146 
   0.038 
  -0.189 
   0.067 
  -0.217 
  -0.213 
   0.118 
  -0.186 
  -0.320 
  -0.098 
  -0.301 
  -0.096 
   0.111 
  -0.165 
  -0.039 
  -0.254 
  -0.164 
   0.172 
   0.385 
  -0.133 
   0.015 
  -0.331 
  -0.321 
   0.036 
  -0.222 
   0.016 
  -0.106 
  -0.001 
   0.626 
   0.579 
  -0.144 
   0.146 
  -0.229 
  -0.067 
  -0.171 
  -0.137 
  -0.122 
   0.161 
  -0.271 
  -0.114 
  -0.256 
   0.142 
  -0.113 
   0.118 
   0.611 
  -0.090 
  -0.006 
  -0.147 
  -0.037 
  -0.042 
  -0.144 
  -0.137 
   0.107 
  -0.153 
  -0.221 
  -0.051 
   0.078 
  -0.135 
   0.568 
   0.265 
   0.537 
  -0.078 
   0.577 
  -0.086 
   0.462 
  -0.250 
  -0.204 
   0.026 
  -0.027 
   0.165 
  -0.200 
  -0.206 
  -0.051 
   0.137 
   0.296 
   0.128 
  -0.144 
   0.287 
  -0.032 
  -0.017 
  -0.123 
  -0.080 
  -0.238 
   0.089 
  -0.066 
   0.592 
   0.089 
   0.220 
   0.177 
  -0.071 
   0.563 
  -0.194 
  -0.078 
  -0.071 
   0.199 
   0.050 
   0.010 
  -0.104 
  -0.084 
   0.101 
  -0.184 
  -0.097 
  -0.208 
   0.572 
   0.378 
   0.037 
   0.427 
   0.197 
  -0.221 
  -0.074 
  -0.142 
   0.132 
  -0.018 
  -0.164 
  -0.254 
   0.336 
   0.106 
   0.026 
   0.153 
  -0.222 
  -0.016 
   0.157 
  -0.145 
  -0.188 
   0.286 
  -0.141 
   0.275 
  -0.177 
  -0.043 
  -0.217 
  -0.052 
  -0.278 
   0.199 
  -0.202 
   0.110 
  -0.254 
  -0.089 
   0.140 
  -0.110 
   0.100 
  -0.262 
  -0.043 
  -0.310 
   0.076 
   0.610 
  -0.146 
   0.141 
  -0.109 
  -0.228 
   0.245 
  -0.185 
  -0.099 
   0.569 
  -0.153 
  -0.108 
  -0.036 
  -0.080 
  -0.258 
   0.122 
  -0.209 
  -0.269 
  -0.185 
  -0.066 
  -0.210 
  -0.135 
   0.118 
   0.390 
   0.212 
   0.238 
   0.125 
  -0.156 
  -0.123 
   0.154 
  -0.065 
  -0.041 
   0.589 
   0.092 
   0.211 
   0.040 
   0.328 
   0.124 
   0.193 
   0.107 
  -0.149 
  -0.242 
   0.028 
  -0.088 
  -0.236 
   0.266 
   0.321 
   0.127 
  -0.199 
   0.203 
  -0.111 
  -0.073 
   0.185 
   0.003 
   0.160 
   0.396 
   0.201 
  -0.096 
  -0.208 
  -0.109 
   0.092 
  -0.033 
   0.610 
  -0.213 
  -0.072 
   0.159 
  -0.024 
   0.235 
  -0.052 
  -0.215 
  -0.262 
   0.136 
  -0.066 
  -0.073 
   0.098 
   0.086 
   0.295 
   0.118 
  -0.014 
  -0.094 
  -0.127 
  -0.078 
   0.392 
  -0.218 
  -0.143 
  -0.139 
  -0.126 
   0.035 
   0.280 
  -0.166 
  -0.299 
   0.189 
  -0.249 
  -0.186 
  -0.106 
  -0.027 
   0.607 
  -0.122 
   0.318 
  -0.034 
  -0.063 
   0.555 
  -0.074 
  -0.176 
  -0.059 
  -0.089 
   0.417 
  -0.080 
  -0.195 
   0.263 
  -0.129 
  -0.208 
  -0.104 
  -0.099 
  -0.139 
   0.016 
   0.556 
  -0.043 
   0.010 
  -0.296 
  -0.225 
  -0.085 
  -0.154 
  -0.090 
  -0.307 
  -0.289 
  -0.110 
   0.651 
   0.195 
   0.163 
  -0.146 
  -0.204 
  -0.128 
  -0.094 
   0.135 
  -0.251 
  -0.138 
   0.085 
  -0.305 
  -0.104 
  -0.133 
  -0.141 
  -0.120 
  -0.294 
  -0.175 
  -0.255 
   0.308 
  -0.102 
  -0.035 
   0.198 
  -0.249 
  -0.127 
  -0.218 
  -0.267 
   0.049 
  -0.116 
  -0.108 
   0.136 
  -0.132 
  -0.059 
  -0.160 
  -0.246 
   0.104 
  -0.140 
  -0.095 
   0.155 
   0.392 
  -0.242 
   0.594 
  -0.137 
  -0.092 
  -0.173 
  -0.242 
  -0.103 
  -0.205 
  -0.048 
   0.635 
   0.270 
   0.171 
   0.383 
   0.207 
   0.132 
   0.246 
   0.599 
  -0.145 
   0.148 
   0.071 
  -0.037 
  -0.153 
  -0.203 
   0.290 
  -0.030 
  -0.097 
   0.048 
   0.330 
  -0.197 
  -0.170 
   0.591 
  -0.077 
  -0.071 
   0.015 
   0.149 
  -0.195 
  -0.073 
  -0.144 
  -0.078 
  -0.103 
   0.617 
  -0.011 
   0.048 
  -0.129 
  -0.281 
  -0.059 
  -0.236 
   0.612 
  -0.262 
  -0.143 
  -0.142 
  -0.131 
   0.610 
  -0.052 
  -0.128 
  -0.106 
   0.250 
  -0.166 
   0.124 
   0.345 
  -0.084 
  -0.182 
   0.322 
  -0.014 
  -0.048 
   0.270 
   0.153 
  -0.087 
  -0.269 
   0.599 
  -0.001 
  -0.233 
   0.304 
  -0.084 
  -0.075 
  -0.149 
  -0.097 
  -0.109 
  -0.182 
  -0.125 
   0.067 
  -0.374 
   0.305 
  -0.128 
   0.154 
  -0.092 
  -0.050 
  -0.134 
   0.169 
   0.573 
  -0.027 
  -0.046 
   0.135 
  -0.108 
  -0.115 
  -0.073 
   0.401 
   0.176 
   0.129 
   0.128 
  -0.135 
   0.160 
  -0.251 
   0.032 
   0.591 
   0.163 
  -0.086 
  -0.088 
   0.204 
   0.066 
  -0.245 
   0.206 
  -0.136 
  -0.209 
   0.095 
  -0.038 
   0.147 
  -0.017 
   0.004 
   0.420 
   0.111 
   0.115 
  -0.045 
   0.118 
  -0.057 
   0.607 
  -0.064 
  -0.227 
  -0.310 
  -0.070 
  -0.107 
   0.040 
  -0.134 
  -0.214 
   0.082 
   0.123 
  -0.148 
   0.020 
  -0.082 
  -0.113 
   0.065 
  -0.127 
  -0.109 
  -0.098 
   0.149 
  -0.283 
   0.040 
  -0.002 
  -0.129 
  -0.247 
   0.028 
   0.127 
  -0.013 
   0.511 
  -0.255 
   0.043 
   0.028 
   0.552 
  -0.133 
  -0.205 
  -0.146 
  -0.214 
   0.103 
  -0.110 
  -0.087 
   0.583 
  -0.257 
  -0.211 
  -0.154 
   0.013 
  -0.253 
  -0.133 
   0.635 
   0.055 
   0.123 
  -0.112 
   0.328 
  -0.175 
  -0.240 
  -0.047 
  -0.084 
  -0.096 
  -0.098 
   0.030 
  -0.127 
   0.017 
  -0.121 
   0.074 
   0.277 
  -0.091 
  -0.046 
  -0.178 
  -0.185 
   0.601 
  -0.065 
  -0.021 
   0.045 
  -0.140 
   0.213 
   0.154 
  -0.199 
   0.123 
   0.186 
  -0.147 
  -0.130 
  -0.232 
   0.348 
   0.168 
  -0.140 
  -0.241 
   0.182 
   0.164 
  -0.023 
   0.582 
   0.051 
   0.188 
  -0.214 
  -0.087 
   0.649 
   0.229 
   0.289 
  -0.227 
  -0.315 
   0.310 
   0.562 
  -0.250 
  -0.134 
  -0.091 
   0.615 
   0.189 
  -0.144 
  -0.004 
  -0.050 
  -0.262 
  -0.218 
  -0.071 
  -0.217 
  -0.171 
   0.092 
  -0.233 
   0.009 
   0.625 
  -0.076 
   0.011 
  -0.210 
   0.288 
   0.280 
  -0.137 
   0.145 
   0.273 
  -0.137 
  -0.208 
  -0.059 
   0.144 
   0.114 
  -0.162 
   0.033 
   0.316 
   0.120 
   0.283 
  -0.154 
   0.123 
  -0.042 
  -0.043 
  -0.222 
   0.092 
  -0.140 
  -0.180 
   0.005 
  -0.100 
   0.144 
   0.138 
  -0.083 
   0.141 
   0.143 
  -0.140 
   0.146 
  -0.222 
  -0.136 
  -0.170 
   0.207 
   0.616 
   0.371 
  -0.097 
  -0.140 
   0.286 
  -0.037 
  -0.182 
  -0.204 
  -0.274 
  -0.026 
   0.392 
  -0.286 
  -0.132 
  -0.074 
   0.010 
   0.570 
  -0.193 
  -0.032 
  -0.051 
   0.350 
   0.310 
  -0.170 
  -0.080 
  -0.030 
  -0.169 
  -0.146 
   0.310 
   0.058 
   0.001 
   0.091 
  -0.211 
  -0.025 
  -0.114 
  -0.003 
  -0.193 
  -0.304 
  -0.047 
   0.571 
   0.024 
  -0.080 
  -0.132 
  -0.070 
  -0.022 
  -0.263 
  -0.114 
  -0.021 
  -0.216 
  -0.149 
   0.267 
   0.022 
  -0.042 
  -0.125 
  -0.224 
   0.143 
   0.128 
  -0.059 
  -0.253 
  -0.184 
   0.123 
   0.258 
  -0.086 
  -0.284 
  -0.202 
   0.031 
   0.022 
   0.574 
  -0.162 
   0.060 
  -0.168 
  -0.106 
   0.579 
  -0.084 
   0.074 
  -0.196 
  -0.090 
  -0.059 
  -0.114 
  -0.086 
  -0.252 
   0.013 
   0.383 
   0.340 
   0.194 
  -0.104 
   0.138 
  -0.041 
  -0.063 
  -0.104 
  -0.235 
  -0.061 
  -0.212 
   0.321 
  -0.101 
  -0.228 
  -0.128 
  -0.202 
  -0.065 
  -0.233 
   0.094 
  -0.134 
  -0.125 
  -0.095 
  -0.149 
   0.097 
  -0.290 
  -0.011 
   0.245 
   0.149 
  -0.018 
  -0.195 
   0.092 
  -0.008 
  -0.281 
  -0.105 
   0.049 
  -0.042 
  -0.210 
   0.032 
   0.331 
  -0.172 
   0.427 
  -0.017 
  -0.250 
   0.156 
   0.565 
  -0.155 
  -0.162 
  -0.135 
  -0.143 
  -0.121 
  -0.144 
   0.010 
   0.588 
   0.027 
   0.149 
   0.087 
   0.328 
   0.177 
   0.394 
   0.276 
  -0.027 
  -0.162 
   0.140 
   0.526 
  -0.115 
  -0.098 
  -0.039 
   0.144 
   0.029 
   0.567 
  -0.119 
  -0.130 
   0.277 
  -0.205 
  -0.085 
   0.093 
  -0.162 
  -0.152 
   0.004 
   0.617 
   0.379 
   0.632 
  -0.282 
   0.561 
  -0.110 
   0.119 
   0.108 
   0.059 
   0.251 
  -0.070 
   0.561 
  -0.244 
   0.286 
   0.264 
  -0.026 
   0.003 
   0.027 
  -0.083 
   0.087 
   0.306 
  -0.097 
