  -0.220 
   0.008 
   0.034 
   0.033 
   0.104 
   0.074 
  -0.005 
  -0.019 
   0.037 
   0.075 
   0.007 
   0.011 
   0.019 
   0.020 
  -0.131 
  -0.150 
   0.040 
  -0.181 
   0.036 
   0.111 
  -0.068 
  -0.069 
   0.060 
  -0.010 
   0.073 
  -0.001 
  -0.031 
  -0.001 
   0.001 
   0.020 
   0.030 
   0.093 
  -0.079 
  -0.042 
   0.055 
   0.025 
  -0.053 
  -0.049 
   0.090 
   0.085 
  -0.016 
   0.213 
   0.054 
   0.057 
   0.073 
   0.100 
  -0.042 
   0.004 
   0.020 
   0.022 
  -0.058 
  -0.040 
   0.120 
   0.082 
   0.016 
   0.059 
   0.016 
   0.036 
   0.039 
  -0.024 
   0.003 
   0.091 
  -0.010 
  -0.022 
   0.015 
  -0.005 
   0.078 
  -0.062 
   0.049 
   0.062 
   0.016 
   0.000 
  -0.046 
  -0.027 
  -0.273 
  -0.025 
  -0.069 
  -0.014 
   0.073 
   0.060 
   0.072 
   0.056 
   0.003 
   0.054 
  -0.064 
   0.073 
  -0.027 
   0.074 
  -0.054 
  -0.050 
   0.085 
  -0.196 
   0.176 
  -0.077 
   0.006 
   0.023 
  -0.006 
   0.008 
   0.059 
   0.045 
   0.043 
   0.030 
   0.126 
  -0.157 
  -0.004 
  -0.003 
   0.089 
  -0.008 
   0.118 
   0.101 
  -0.015 
  -0.019 
  -0.250 
   0.037 
  -0.112 
  -0.069 
  -0.011 
   0.008 
   0.116 
   0.064 
   0.067 
   0.014 
  -0.073 
   0.025 
   0.079 
   0.093 
  -0.002 
  -0.006 
   0.023 
   0.024 
  -0.036 
  -0.037 
   0.029 
   0.053 
   0.093 
   0.051 
  -0.034 
   0.116 
   0.057 
  -0.000 
   0.078 
   0.076 
  -0.040 
  -0.041 
   0.021 
  -0.008 
  -0.082 
  -0.036 
  -0.064 
  -0.061 
   0.027 
   0.049 
   0.035 
   0.026 
   0.047 
   0.002 
  -0.074 
  -0.000 
  -0.023 
  -0.020 
  -0.038 
  -0.040 
   0.045 
   0.066 
  -0.060 
  -0.007 
   0.067 
   0.018 
  -0.005 
   0.023 
   0.080 
   0.069 
   0.037 
  -0.164 
  -0.005 
  -0.044 
  -0.097 
   0.054 
  -0.058 
   0.033 
   0.052 
   0.012 
  -0.000 
   0.015 
   0.034 
   0.072 
   0.028 
   0.025 
   0.020 
  -0.013 
  -0.002 
  -0.002 
   0.097 
   0.006 
   0.144 
   0.076 
   0.003 
   0.008 
  -0.008 
  -0.016 
   0.043 
   0.016 
  -0.036 
  -0.028 
   0.158 
   0.198 
   0.120 
  -0.151 
  -0.012 
  -0.015 
   0.028 
   0.095 
   0.059 
  -0.030 
   0.069 
  -0.093 
  -0.086 
  -0.087 
   0.070 
   0.002 
   0.024 
   0.009 
  -0.037 
  -0.014 
  -0.023 
  -0.023 
   0.065 
   0.034 
   0.056 
  -0.106 
  -0.087 
  -0.024 
  -0.018 
  -0.018 
  -0.007 
   0.070 
  -0.139 
  -0.035 
  -0.019 
   0.041 
  -0.037 
  -0.016 
  -0.025 
  -0.022 
   0.054 
   0.081 
   0.032 
   0.031 
  -0.037 
  -0.061 
   0.057 
   0.074 
   0.007 
   0.020 
   0.013 
  -0.113 
  -0.076 
  -0.007 
   0.026 
   0.033 
   0.079 
   0.080 
  -0.021 
  -0.055 
   0.042 
   0.021 
   0.027 
   0.066 
  -0.035 
  -0.035 
   0.198 
  -0.002 
  -0.009 
  -0.027 
   0.081 
   0.073 
  -0.002 
  -0.014 
   0.001 
  -0.042 
  -0.015 
   0.015 
   0.024 
   0.036 
   0.058 
  -0.026 
  -0.044 
  -0.088 
  -0.087 
   0.065 
   0.062 
  -0.037 
  -0.042 
  -0.043 
   0.030 
   0.028 
   0.029 
  -0.027 
  -0.020 
   0.055 
   0.001 
  -0.367 
  -0.136 
   0.013 
   0.013 
  -0.121 
   0.024 
   0.016 
  -0.013 
   0.002 
  -0.007 
  -0.079 
  -0.079 
   0.012 
   0.008 
   0.071 
   0.024 
  -0.005 
  -0.040 
  -0.045 
  -0.060 
  -0.000 
  -0.000 
  -0.031 
  -0.028 
  -0.160 
  -0.035 
  -0.001 
   0.002 
   0.055 
   0.079 
  -0.067 
  -0.054 
  -0.044 
  -0.045 
  -0.063 
  -0.087 
   0.046 
   0.034 
   0.016 
   0.098 
   0.069 
  -0.022 
  -0.019 
  -0.023 
   0.026 
  -0.023 
   0.046 
   0.051 
   0.051 
   0.048 
  -0.015 
   0.017 
   0.008 
   0.024 
   0.058 
   0.006 
  -0.070 
   0.118 
  -0.051 
   0.013 
  -0.030 
  -0.005 
  -0.012 
  -0.010 
   0.004 
   0.011 
  -0.046 
  -0.122 
  -0.101 
  -0.101 
   0.070 
   0.021 
   0.064 
   0.045 
  -0.112 
  -0.194 
  -0.026 
   0.061 
  -0.133 
   0.022 
   0.073 
  -0.029 
   0.011 
   0.079 
  -0.023 
   0.038 
  -0.004 
  -0.042 
  -0.055 
  -0.002 
  -0.015 
  -0.019 
   0.069 
   0.082 
  -0.050 
  -0.041 
   0.067 
   0.103 
   0.001 
  -0.005 
   0.022 
   0.022 
  -0.023 
  -0.024 
   0.009 
  -0.220 
  -0.024 
   0.121 
  -0.040 
  -0.061 
   0.026 
   0.049 
  -0.025 
  -0.056 
  -0.022 
  -0.036 
  -0.039 
  -0.004 
  -0.069 
  -0.068 
  -0.043 
  -0.027 
   0.046 
   0.039 
   0.125 
   0.057 
  -0.179 
  -0.190 
  -0.022 
  -0.024 
  -0.025 
   0.012 
   0.018 
  -0.166 
  -0.153 
  -0.146 
   0.080 
   0.011 
  -0.022 
  -0.021 
   0.004 
  -0.032 
  -0.003 
  -0.001 
   0.132 
  -0.139 
  -0.125 
   0.028 
   0.050 
   0.038 
   0.049 
   0.032 
   0.001 
  -0.007 
   0.025 
   0.039 
   0.031 
   0.062 
  -0.190 
   0.057 
   0.060 
   0.076 
  -0.015 
  -0.246 
   0.031 
  -0.004 
  -0.042 
  -0.009 
   0.061 
  -0.345 
  -0.046 
  -0.043 
   0.065 
   0.064 
  -0.015 
   0.003 
   0.064 
  -0.037 
   0.062 
  -0.001 
   0.137 
  -0.220 
  -0.011 
   0.019 
  -0.059 
  -0.049 
  -0.011 
   0.069 
   0.009 
  -0.031 
  -0.053 
   0.060 
   0.081 
   0.051 
   0.038 
   0.049 
   0.039 
   0.173 
  -0.056 
  -0.152 
  -0.006 
  -0.020 
  -0.049 
  -0.025 
  -0.039 
  -0.040 
  -0.028 
  -0.024 
   0.030 
   0.028 
  -0.314 
  -0.329 
  -0.018 
  -0.019 
  -0.062 
  -0.130 
   0.063 
  -0.115 
   0.031 
   0.028 
  -0.045 
   0.003 
   0.013 
  -0.063 
   0.010 
  -0.040 
  -0.028 
  -0.406 
  -0.051 
  -0.028 
   0.013 
   0.069 
  -0.018 
  -0.122 
  -0.007 
  -0.037 
   0.067 
  -0.011 
   0.029 
   0.028 
   0.058 
   0.037 
   0.049 
   0.050 
  -0.009 
   0.085 
  -0.032 
  -0.030 
   0.031 
  -0.006 
  -0.000 
  -0.025 
   0.032 
   0.046 
  -0.035 
   0.075 
  -0.116 
  -0.198 
   0.055 
  -0.007 
   0.056 
  -0.041 
  -0.008 
   0.032 
  -0.091 
  -0.046 
  -0.043 
   0.110 
   0.027 
   0.075 
  -0.056 
  -0.053 
  -0.021 
   0.055 
  -0.039 
  -0.043 
  -0.000 
   0.000 
   0.054 
   0.069 
   0.091 
   0.010 
  -0.017 
  -0.002 
  -0.031 
  -0.064 
   0.011 
  -0.027 
  -0.009 
   0.084 
   0.080 
   0.082 
  -0.050 
   0.357 
   0.011 
   0.015 
  -0.076 
  -0.063 
   0.016 
   0.001 
  -0.038 
  -0.038 
   0.039 
  -0.003 
  -0.059 
   0.033 
   0.082 
   0.174 
  -0.025 
  -0.021 
  -0.059 
  -0.060 
   0.023 
   0.034 
  -0.004 
   0.045 
  -0.035 
   0.061 
  -0.052 
  -0.076 
  -0.071 
  -0.070 
   0.522 
  -0.101 
   0.091 
  -0.036 
  -0.025 
   0.089 
  -0.010 
  -0.055 
  -0.008 
  -0.005 
   0.068 
  -0.033 
   0.401 
  -0.039 
  -0.071 
  -0.027 
  -0.026 
   0.056 
   0.123 
  -0.055 
   0.043 
   0.078 
   0.093 
   0.044 
  -0.222 
   0.078 
   0.086 
   0.038 
   0.027 
   0.013 
  -0.008 
  -0.039 
   0.006 
  -0.004 
  -0.047 
   0.074 
   0.016 
   0.017 
   0.029 
  -0.030 
  -0.027 
  -0.032 
  -0.040 
   0.036 
   0.040 
   0.045 
   0.109 
  -0.032 
  -0.032 
   0.008 
   0.071 
   0.050 
   0.028 
   0.054 
   0.020 
   0.030 
   0.016 
  -0.043 
  -0.014 
  -0.094 
   0.358 
   0.097 
   0.077 
  -0.078 
   0.026 
   0.040 
   0.004 
   0.034 
   0.031 
  -0.018 
   0.025 
   0.072 
   0.039 
  -0.013 
   0.058 
   0.049 
  -0.035 
   0.107 
   0.027 
   0.005 
   0.021 
   0.067 
  -0.025 
  -0.003 
  -0.000 
   0.008 
  -0.252 
   0.022 
   0.052 
   0.041 
  -0.013 
  -0.015 
   0.027 
   0.024 
  -0.036 
   0.056 
   0.060 
  -0.100 
  -0.001 
  -0.006 
  -0.025 
   0.054 
   0.051 
   0.057 
   0.052 
   0.047 
  -0.237 
   0.037 
   0.195 
  -0.138 
  -0.038 
  -0.038 
   0.077 
  -0.025 
  -0.215 
   0.114 
  -0.140 
  -0.023 
  -0.139 
   0.048 
  -0.015 
  -0.015 
   0.045 
   0.030 
   0.033 
   0.059 
  -0.011 
  -0.006 
  -0.010 
   0.089 
   0.056 
   0.005 
   0.112 
  -0.016 
  -0.102 
  -0.103 
  -0.019 
   0.025 
   0.087 
   0.066 
  -0.056 
  -0.057 
  -0.074 
  -0.006 
   0.064 
  -0.004 
   0.038 
   0.165 
  -0.018 
   0.082 
   0.104 
   0.009 
   0.128 
   0.091 
   0.057 
  -0.002 
   0.062 
   0.104 
   0.011 
   0.002 
   0.034 
   0.024 
  -0.057 
  -0.092 
   0.009 
   0.009 
  -0.063 
  -0.065 
   0.069 
  -0.033 
   0.002 
  -0.003 
  -0.015 
  -0.005 
  -0.060 
   0.076 
   0.094 
   0.250 
  -0.007 
   0.010 
   0.002 
  -0.018 
  -0.253 
  -0.087 
  -0.100 
  -0.050 
   0.051 
   0.094 
   0.082 
   0.074 
   0.080 
   0.061 
  -0.074 
  -0.090 
  -0.008 
  -0.032 
   0.002 
   0.003 
  -0.005 
   0.006 
   0.018 
   0.018 
  -0.041 
  -0.051 
   0.066 
   0.061 
  -0.066 
  -0.079 
   0.033 
   0.042 
   0.004 
   0.054 
  -0.009 
  -0.008 
   0.044 
  -0.005 
  -0.018 
  -0.035 
   0.374 
  -0.096 
   0.043 
  -0.030 
  -0.015 
  -0.015 
  -0.043 
  -0.030 
  -0.073 
  -0.081 
   0.005 
   0.011 
  -0.037 
  -0.052 
  -0.040 
  -0.038 
   0.014 
  -0.077 
   0.128 
  -0.014 
   0.019 
  -0.003 
  -0.001 
  -0.002 
   0.082 
  -0.018 
   0.119 
   0.021 
  -0.073 
  -0.166 
   0.107 
   0.062 
  -0.003 
  -0.022 
   0.036 
   0.046 
  -0.420 
   0.033 
  -0.039 
  -0.029 
   0.085 
  -0.049 
  -0.072 
  -0.175 
   0.079 
   0.149 
   0.032 
   0.031 
   0.034 
   0.042 
  -0.054 
  -0.055 
   0.143 
   0.014 
   0.002 
   0.017 
   0.198 
  -0.129 
  -0.073 
  -0.058 
   0.064 
   0.030 
   0.093 
   0.052 
   0.028 
   0.124 
   0.001 
   0.078 
   0.060 
   0.069 
  -0.042 
  -0.030 
   0.019 
   0.018 
  -0.024 
  -0.024 
  -0.009 
  -0.038 
  -0.082 
  -0.068 
   0.010 
  -0.030 
   0.062 
   0.090 
   0.008 
  -0.013 
  -0.004 
  -0.312 
   0.074 
   0.016 
  -0.308 
  -0.324 
  -0.018 
  -0.016 
  -0.026 
  -0.181 
  -0.041 
   0.158 
   0.145 
   0.019 
   0.033 
   0.034 
   0.011 
  -0.060 
   0.022 
  -0.141 
  -0.167 
  -0.054 
  -0.085 
   0.041 
   0.068 
  -0.096 
  -0.113 
  -0.050 
   0.043 
   0.029 
   0.014 
   0.108 
  -0.052 
  -0.051 
   0.048 
   0.049 
   0.070 
  -0.242 
  -0.013 
  -0.018 
   0.024 
   0.109 
   0.030 
   0.043 
  -0.094 
  -0.064 
   0.032 
   0.008 
  -0.083 
  -0.007 
   0.019 
   0.041 
  -0.034 
   0.092 
  -0.060 
  -0.032 
  -0.013 
  -0.012 
   0.026 
  -0.014 
   0.002 
   0.070 
  -0.022 
   0.013 
   0.041 
   0.001 
  -0.069 
  -0.064 
   0.142 
   0.088 
   0.006 
  -0.024 
  -0.018 
  -0.017 
   0.007 
   0.010 
  -0.015 
   0.066 
   0.009 
  -0.023 
  -0.042 
  -0.044 
   0.103 
  -0.254 
  -0.002 
   0.006 
  -0.081 
  -0.083 
   0.040 
   0.034 
   0.100 
   0.044 
   0.073 
   0.051 
   0.057 
   0.058 
  -0.047 
  -0.040 
   0.039 
   0.053 
  -0.170 
   0.091 
  -0.056 
   0.071 
  -0.083 
  -0.139 
   0.015 
  -0.018 
   0.030 
   0.075 
  -0.227 
  -0.002 
  -0.031 
  -0.032 
   0.016 
   0.017 
  -0.101 
  -0.010 
   0.024 
  -0.008 
  -0.088 
  -0.072 
  -0.015 
  -0.226 
   0.085 
   0.044 
  -0.037 
  -0.028 
  -0.030 
   0.018 
  -0.082 
  -0.067 
  -0.088 
  -0.205 
   0.047 
   0.066 
   0.059 
   0.017 
   0.107 
  -0.214 
  -0.043 
   0.013 
   0.010 
  -0.017 
   0.015 
  -0.005 
  -0.030 
  -0.145 
   0.012 
   0.015 
  -0.083 
  -0.079 
  -0.046 
   0.128 
   0.062 
   0.076 
  -0.251 
   0.068 
  -0.007 
  -0.022 
   0.013 
   0.015 
  -0.121 
  -0.121 
  -0.032 
   0.076 
   0.002 
   0.005 
   0.035 
   0.027 
  -0.031 
  -0.030 
  -0.012 
  -0.011 
   0.030 
  -0.008 
  -0.022 
  -0.046 
   0.013 
  -0.007 
  -0.030 
   0.020 
  -0.038 
  -0.036 
  -0.032 
  -0.032 
   0.032 
  -0.036 
   0.008 
   0.062 
  -0.109 
   0.067 
  -0.041 
  -0.039 
   0.051 
   0.023 
   0.010 
   0.106 
   0.100 
   0.017 
   0.041 
   0.041 
  -0.039 
  -0.038 
   0.001 
   0.006 
  -0.103 
  -0.058 
   0.015 
  -0.017 
  -0.131 
  -0.100 
   0.019 
   0.175 
   0.094 
   0.130 
  -0.092 
  -0.087 
  -0.086 
  -0.085 
  -0.021 
  -0.003 
   0.007 
   0.094 
   0.031 
  -0.023 
   0.038 
   0.022 
  -0.012 
   0.014 
  -0.074 
  -0.080 
   0.082 
   0.023 
  -0.072 
  -0.070 
  -0.043 
  -0.039 
   0.056 
   0.069 
  -0.036 
  -0.016 
  -0.076 
  -0.017 
   0.090 
  -0.019 
   0.026 
  -0.068 
  -0.029 
   0.022 
   0.148 
   0.081 
   0.098 
  -0.039 
   0.100 
   0.071 
   0.016 
   0.015 
   0.039 
   0.004 
   0.037 
   0.038 
   0.056 
   0.019 
   0.023 
  -0.009 
  -0.101 
   0.020 
   0.035 
   0.042 
  -0.061 
  -0.069 
   0.001 
   0.024 
   0.041 
   0.002 
  -0.018 
   0.120 
  -0.028 
  -0.039 
  -0.022 
  -0.018 
   0.026 
   0.020 
  -0.039 
  -0.026 
  -0.064 
   0.006 
   0.060 
   0.073 
   0.028 
   0.041 
   0.124 
  -0.005 
  -0.022 
  -0.030 
   0.116 
  -0.019 
  -0.038 
  -0.066 
   0.003 
   0.013 
  -0.093 
  -0.169 
  -0.005 
  -0.223 
  -0.057 
   0.006 
  -0.014 
   0.027 
  -0.103 
   0.006 
   0.067 
   0.137 
   0.037 
   0.039 
  -0.238 
  -0.205 
  -0.069 
  -0.070 
   0.015 
   0.010 
   0.092 
   0.086 
   0.039 
   0.025 
   0.068 
  -0.059 
   0.000 
  -0.078 
  -0.021 
  -0.055 
   0.056 
  -0.192 
  -0.016 
  -0.104 
   0.008 
   0.003 
   0.142 
   0.071 
  -0.006 
  -0.007 
  -0.054 
  -0.037 
   0.043 
   0.007 
  -0.021 
  -0.026 
  -0.114 
  -0.124 
   0.016 
  -0.000 
   0.016 
   0.028 
   0.064 
  -0.003 
   0.015 
   0.037 
   0.011 
   0.501 
  -0.034 
  -0.034 
  -0.079 
   0.058 
   0.032 
  -0.032 
  -0.036 
   0.034 
   0.004 
   0.095 
  -0.005 
  -0.029 
   0.086 
   0.053 
   0.049 
  -0.056 
  -0.040 
  -0.087 
   0.128 
   0.031 
   0.052 
   0.128 
   0.115 
   0.099 
   0.045 
   0.023 
   0.022 
   0.073 
   0.045 
   0.066 
   0.201 
   0.010 
   0.012 
  -0.045 
  -0.004 
  -0.105 
   0.001 
   0.008 
   0.032 
   0.131 
   0.104 
   0.180 
   0.092 
  -0.051 
  -0.050 
  -0.057 
  -0.115 
   0.006 
   0.006 
  -0.176 
   0.089 
   0.184 
   0.025 
   0.048 
  -0.143 
   0.051 
   0.024 
  -0.060 
  -0.072 
   0.085 
  -0.025 
   0.074 
  -0.007 
   0.042 
  -0.139 
  -0.053 
  -0.126 
   0.121 
   0.014 
  -0.024 
  -0.084 
   0.062 
   0.062 
  -0.013 
  -0.005 
  -0.046 
  -0.044 
  -0.159 
  -0.029 
   0.070 
   0.024 
   0.008 
   0.059 
  -0.012 
   0.045 
  -0.016 
  -0.006 
   0.028 
  -0.002 
   0.061 
   0.003 
   0.013 
  -0.179 
   0.017 
   0.008 
  -0.191 
  -0.146 
  -0.042 
  -0.041 
  -0.095 
   0.013 
   0.142 
   0.011 
  -0.009 
  -0.009 
  -0.117 
  -0.007 
   0.049 
   0.032 
   0.044 
   0.049 
   0.092 
   0.133 
   0.079 
   0.080 
  -0.010 
   0.115 
   0.002 
   0.002 
  -0.090 
   0.068 
  -0.022 
  -0.020 
   0.066 
   0.073 
   0.022 
  -0.106 
   0.003 
  -0.032 
  -0.049 
   0.106 
   0.027 
   0.027 
   0.149 
   0.096 
   0.001 
  -0.169 
  -0.012 
  -0.013 
   0.060 
   0.070 
  -0.044 
  -0.073 
   0.081 
   0.069 
   0.034 
  -0.130 
  -0.045 
  -0.045 
   0.058 
   0.019 
  -0.006 
  -0.007 
   0.008 
   0.048 
   0.013 
   0.010 
  -0.055 
  -0.042 
   0.038 
   0.145 
  -0.048 
  -0.046 
  -0.023 
  -0.059 
   0.074 
   0.033 
  -0.126 
  -0.221 
  -0.012 
  -0.098 
  -0.016 
   0.010 
   0.058 
   0.066 
  -0.055 
   0.118 
   0.051 
   0.053 
   0.015 
   0.011 
  -0.024 
   0.038 
  -0.010 
   0.169 
  -0.040 
  -0.079 
   0.062 
  -0.036 
  -0.038 
  -0.037 
   0.016 
   0.030 
   0.016 
   0.016 
   0.050 
   0.034 
  -0.128 
  -0.128 
  -0.001 
   0.062 
  -0.091 
  -0.155 
  -0.072 
  -0.017 
   0.111 
   0.090 
   0.029 
   0.022 
  -0.111 
  -0.050 
  -0.027 
   0.001 
  -0.081 
  -0.099 
  -0.048 
  -0.154 
  -0.007 
  -0.040 
  -0.025 
  -0.035 
  -0.078 
  -0.078 
  -0.038 
   0.107 
  -0.017 
   0.004 
   0.277 
  -0.081 
  -0.042 
  -0.050 
  -0.051 
  -0.056 
  -0.000 
  -0.011 
   0.031 
   0.038 
   0.057 
   0.009 
  -0.030 
   0.026 
  -0.073 
  -0.071 
   0.233 
   0.191 
  -0.203 
   0.054 
  -0.021 
  -0.025 
  -0.057 
  -0.091 
  -0.018 
  -0.037 
   0.068 
   0.095 
   0.070 
   0.038 
   0.135 
   0.102 
  -0.001 
  -0.001 
   0.059 
   0.071 
   0.043 
   0.111 
  -0.038 
  -0.037 
  -0.033 
   0.089 
   0.009 
   0.000 
   0.047 
   0.083 
  -0.113 
  -0.002 
   0.050 
   0.074 
   0.022 
   0.054 
   0.016 
  -0.043 
   0.024 
   0.024 
  -0.011 
   0.013 
   0.077 
   0.073 
  -0.031 
  -0.036 
  -0.065 
   0.019 
  -0.158 
   0.072 
  -0.046 
  -0.046 
  -0.026 
  -0.033 
   0.070 
   0.045 
  -0.031 
  -0.021 
   0.050 
   0.002 
   0.046 
   0.098 
  -0.084 
  -0.089 
   0.074 
   0.052 
   0.045 
   0.070 
   0.019 
   0.029 
  -0.191 
   0.059 
   0.023 
  -0.081 
   0.057 
   0.001 
  -0.051 
  -0.052 
  -0.030 
  -0.016 
  -0.142 
  -0.028 
  -0.038 
  -0.223 
   0.058 
  -0.088 
   0.076 
  -0.007 
  -0.010 
  -0.018 
  -0.031 
   0.033 
   0.012 
  -0.047 
   0.057 
   0.008 
   0.001 
  -0.049 
   0.200 
   0.255 
   0.024 
   0.050 
  -0.038 
   0.082 
  -0.173 
   0.056 
   0.051 
   0.058 
   0.007 
   0.009 
   0.071 
   0.065 
  -0.166 
   0.101 
  -0.039 
  -0.039 
  -0.010 
  -0.014 
   0.014 
   0.007 
   0.070 
   0.173 
   0.006 
  -0.018 
  -0.005 
   0.013 
  -0.018 
   0.067 
  -0.024 
  -0.011 
  -0.231 
   0.023 
  -0.010 
  -0.038 
  -0.068 
  -0.063 
   0.122 
   0.018 
  -0.070 
  -0.058 
   0.003 
  -0.016 
   0.065 
  -0.049 
  -0.042 
  -0.059 
  -0.099 
  -0.067 
   0.064 
   0.065 
   0.022 
  -0.169 
  -0.077 
   0.049 
   0.011 
   0.378 
  -0.085 
  -0.036 
   0.027 
   0.011 
  -0.036 
  -0.035 
  -0.030 
  -0.046 
  -0.030 
  -0.043 
   0.029 
   0.043 
  -0.041 
  -0.041 
  -0.061 
  -0.065 
  -0.037 
  -0.036 
   0.095 
   0.079 
  -0.011 
  -0.033 
   0.127 
  -0.007 
  -0.124 
   0.020 
  -0.060 
  -0.056 
  -0.074 
  -0.075 
   0.043 
   0.041 
  -0.024 
  -0.031 
   0.077 
   0.025 
   0.047 
  -0.008 
  -0.106 
   0.061 
   0.002 
   0.003 
   0.084 
  -0.024 
   0.013 
   0.049 
   0.017 
   0.018 
   0.052 
   0.004 
  -0.037 
  -0.015 
   0.100 
   0.034 
  -0.073 
  -0.071 
   0.104 
   0.031 
   0.055 
   0.042 
   0.050 
   0.110 
  -0.063 
  -0.002 
   0.109 
   0.096 
   0.089 
  -0.011 
  -0.236 
   0.063 
   0.022 
  -0.099 
  -0.037 
  -0.012 
   0.075 
   0.055 
  -0.051 
  -0.082 
  -0.010 
  -0.046 
  -0.048 
  -0.047 
  -0.124 
  -0.249 
  -0.013 
  -0.016 
   0.076 
   0.085 
  -0.009 
   0.010 
  -0.041 
   0.087 
   0.079 
  -0.021 
   0.012 
   0.073 
  -0.040 
  -0.040 
   0.034 
   0.011 
   0.009 
   0.008 
   0.033 
   0.069 
   0.042 
   0.083 
  -0.075 
  -0.010 
   0.042 
  -0.004 
  -0.143 
  -0.041 
  -0.047 
  -0.011 
   0.072 
   0.068 
   0.011 
   0.033 
   0.069 
   0.063 
   0.009 
   0.028 
   0.013 
  -0.006 
  -0.039 
  -0.054 
   0.074 
   0.076 
   0.124 
   0.073 
  -0.024 
   0.086 
  -0.038 
  -0.012 
  -0.088 
  -0.058 
  -0.027 
   0.145 
  -0.135 
  -0.039 
  -0.074 
   0.049 
   0.029 
   0.023 
  -0.110 
  -0.027 
   0.149 
   0.062 
  -0.002 
   0.005 
   0.009 
  -0.091 
  -0.031 
   0.063 
   0.057 
   0.025 
  -0.042 
  -0.042 
   0.014 
  -0.017 
  -0.003 
  -0.115 
  -0.226 
   0.069 
   0.031 
   0.063 
  -0.041 
  -0.035 
  -0.046 
  -0.023 
  -0.047 
  -0.047 
   0.076 
  -0.138 
   0.021 
   0.019 
  -0.056 
  -0.018 
  -0.058 
  -0.056 
   0.010 
   0.049 
  -0.035 
  -0.037 
  -0.016 
  -0.010 
   0.058 
  -0.019 
  -0.133 
  -0.086 
   0.055 
   0.062 
   0.034 
   0.054 
  -0.018 
  -0.017 
   0.062 
   0.039 
  -0.018 
   0.152 
  -0.027 
  -0.005 
  -0.059 
  -0.030 
  -0.001 
  -0.101 
   0.079 
   0.135 
   0.093 
   0.089 
   0.012 
   0.005 
  -0.041 
  -0.142 
  -0.012 
  -0.065 
  -0.022 
  -0.043 
   0.074 
   0.015 
  -0.058 
  -0.061 
  -0.109 
   0.002 
  -0.065 
  -0.039 
  -0.037 
  -0.040 
  -0.010 
  -0.033 
  -0.008 
  -0.138 
   0.028 
   0.045 
   0.044 
   0.021 
  -0.025 
  -0.041 
   0.032 
  -0.065 
   0.011 
   0.128 
  -0.019 
  -0.059 
   0.056 
   0.084 
  -0.079 
   0.179 
   0.007 
  -0.099 
   0.023 
   0.025 
   0.014 
  -0.123 
  -0.042 
  -0.046 
  -0.036 
  -0.029 
   0.034 
   0.048 
   0.051 
   0.044 
   0.165 
   0.128 
   0.072 
   0.147 
   0.076 
   0.040 
  -0.011 
   0.007 
  -0.014 
  -0.048 
  -0.001 
   0.000 
   0.039 
   0.028 
   0.027 
   0.049 
  -0.045 
   0.030 
  -0.036 
  -0.045 
  -0.040 
  -0.069 
   0.018 
   0.097 
   0.077 
   0.131 
   0.092 
  -0.203 
   0.021 
   0.006 
  -0.015 
   0.003 
  -0.019 
   0.051 
   0.023 
   0.021 
  -0.028 
   0.085 
   0.063 
  -0.002 
   0.027 
   0.066 
  -0.043 
  -0.018 
   0.059 
  -0.012 
