  -0.505 
  -0.043 
   0.493 
   0.331 
   0.244 
   0.427 
   0.625 
   0.371 
  -0.249 
   0.299 
   0.377 
   0.224 
   0.202 
   0.223 
  -0.231 
  -0.147 
  -0.443 
  -0.414 
   0.430 
   0.650 
  -0.264 
  -0.141 
   0.355 
  -0.227 
   0.135 
   0.282 
   0.683 
  -0.155 
   0.146 
   0.135 
   0.328 
   0.089 
   0.422 
   0.411 
  -0.116 
   0.281 
   0.619 
   0.436 
  -0.158 
  -0.212 
   0.032 
  -0.207 
  -0.170 
  -0.247 
  -0.459 
  -0.450 
   0.340 
   0.128 
  -0.092 
  -0.078 
   0.291 
  -0.388 
  -0.437 
   0.337 
   0.212 
  -0.075 
  -0.419 
  -0.507 
  -0.091 
  -0.449 
   0.743 
   0.008 
  -0.216 
   0.270 
  -0.344 
  -0.008 
  -0.206 
  -0.390 
   0.113 
  -0.079 
  -0.280 
   0.499 
   0.583 
  -0.358 
   0.054 
   0.001 
  -0.245 
  -0.431 
  -0.365 
   0.057 
   0.230 
  -0.004 
  -0.233 
  -0.324 
  -0.248 
   0.487 
  -0.385 
   0.356 
   0.649 
   0.126 
  -0.329 
  -0.047 
   0.014 
  -0.320 
  -0.255 
   0.919 
   0.354 
  -0.343 
   1.023 
   0.076 
   0.140 
   0.169 
  -0.511 
  -0.430 
  -0.008 
  -0.475 
  -0.429 
  -0.299 
   0.799 
   0.323 
   0.024 
  -0.088 
   0.607 
   0.382 
   0.333 
  -0.297 
  -0.068 
   0.044 
  -0.039 
   0.192 
  -0.230 
   0.186 
   0.629 
  -0.034 
   0.851 
   0.234 
  -0.248 
   0.377 
  -0.065 
  -0.221 
   0.050 
   0.293 
   0.405 
   0.045 
  -0.111 
  -0.488 
   0.338 
  -0.021 
  -0.012 
  -0.327 
   0.197 
  -0.439 
  -0.114 
  -0.378 
  -0.424 
  -0.039 
   0.278 
   0.217 
  -0.220 
   0.657 
   0.067 
   0.212 
   0.475 
  -0.433 
  -0.461 
  -0.268 
   0.031 
  -0.406 
   0.303 
  -0.325 
  -0.441 
  -0.472 
  -0.407 
  -0.260 
   0.618 
   0.029 
  -0.226 
   0.082 
  -0.294 
   0.632 
   0.068 
  -0.300 
   0.249 
  -0.378 
   0.025 
  -0.257 
   0.007 
  -0.042 
   0.619 
  -0.410 
  -0.004 
   0.308 
   0.200 
   0.305 
   0.260 
   0.289 
   0.339 
  -0.057 
   0.297 
  -0.264 
   0.134 
  -0.313 
   0.177 
  -0.409 
  -0.094 
   0.227 
   0.166 
   0.439 
  -0.135 
   0.465 
  -0.234 
  -0.279 
   0.689 
  -0.370 
  -0.286 
  -0.420 
  -0.060 
   0.360 
  -0.326 
   0.022 
   0.107 
  -0.330 
  -0.105 
   0.207 
  -0.287 
  -0.275 
  -0.238 
  -0.103 
   0.231 
   0.409 
   0.096 
   0.006 
   0.549 
   0.267 
  -0.214 
   0.194 
   0.014 
   0.058 
  -0.138 
  -0.326 
   0.575 
  -0.327 
  -0.235 
   0.312 
   0.405 
   0.290 
   0.187 
   0.907 
   0.069 
  -0.038 
  -0.086 
   0.539 
   0.192 
   0.216 
  -0.364 
  -0.262 
   0.203 
  -0.284 
   0.128 
  -0.141 
   0.631 
  -0.343 
  -0.361 
   0.207 
  -0.472 
   0.212 
  -0.447 
  -0.507 
   0.048 
  -0.004 
  -0.435 
   0.399 
  -0.199 
  -0.065 
  -0.003 
  -0.188 
  -0.328 
  -0.107 
  -0.444 
  -0.072 
  -0.283 
   0.714 
  -0.310 
  -0.355 
   0.247 
  -0.298 
   0.307 
  -0.053 
  -0.268 
   0.213 
  -0.451 
  -0.176 
   0.623 
   0.122 
  -0.074 
   0.740 
   0.396 
   0.589 
  -0.406 
  -0.158 
  -0.275 
  -0.230 
  -0.149 
   0.461 
  -0.473 
  -0.350 
  -0.077 
   0.359 
  -0.214 
  -0.106 
   0.226 
  -0.467 
   0.257 
  -0.216 
   0.302 
   0.715 
   0.248 
  -0.021 
  -0.128 
   0.602 
   0.103 
   0.249 
   0.871 
   0.066 
   0.220 
   0.201 
   0.563 
  -0.221 
  -0.410 
  -0.016 
   0.061 
   0.133 
  -0.106 
  -0.427 
   0.171 
  -0.062 
   0.293 
   0.126 
   0.280 
   0.429 
   0.624 
  -0.504 
   0.223 
  -0.364 
   0.607 
  -0.446 
  -0.415 
   0.069 
  -0.340 
   0.418 
   0.238 
   0.326 
  -0.121 
  -0.289 
   0.890 
  -0.067 
   0.157 
  -0.455 
   0.394 
   0.384 
  -0.176 
  -0.027 
   0.253 
   0.170 
  -0.083 
   0.473 
  -0.340 
  -0.304 
  -0.484 
  -0.049 
   0.074 
  -0.362 
  -0.043 
   0.087 
  -0.362 
  -0.470 
  -0.382 
   0.147 
   0.421 
  -0.433 
   0.371 
  -0.222 
   0.385 
   0.357 
  -0.021 
  -0.237 
  -0.380 
   0.084 
   0.463 
   0.419 
  -0.464 
  -0.095 
  -0.192 
  -0.103 
   0.359 
   0.211 
   0.319 
   0.358 
  -0.335 
  -0.121 
   0.289 
   0.593 
  -0.228 
   0.558 
  -0.288 
   0.105 
  -0.284 
   0.474 
  -0.192 
   0.237 
   0.096 
  -0.318 
   0.419 
   0.183 
  -0.445 
  -0.263 
  -0.273 
  -0.473 
  -0.313 
  -0.259 
  -0.301 
   0.068 
  -0.245 
  -0.260 
   0.004 
   0.121 
   0.176 
   0.347 
   0.799 
   0.592 
  -0.120 
  -0.462 
   0.211 
   0.351 
   0.760 
  -0.143 
   0.691 
   0.116 
   0.299 
  -0.144 
   0.044 
  -0.405 
  -0.036 
  -0.288 
  -0.363 
  -0.226 
   0.437 
   0.272 
  -0.072 
   0.246 
   0.188 
  -0.246 
  -0.278 
  -0.181 
  -0.016 
  -0.392 
  -0.281 
  -0.265 
   0.291 
  -0.175 
  -0.341 
  -0.481 
  -0.476 
  -0.484 
   0.356 
  -0.024 
   0.287 
  -0.279 
   0.370 
   0.430 
   0.276 
   0.679 
   0.023 
   0.376 
   0.471 
   0.125 
  -0.026 
   0.428 
   0.108 
   0.340 
   0.146 
  -0.329 
  -0.134 
  -0.470 
  -0.373 
  -0.011 
  -0.100 
  -0.256 
  -0.389 
  -0.501 
   0.229 
  -0.458 
  -0.369 
   0.186 
   0.020 
   0.087 
  -0.470 
   0.241 
  -0.070 
  -0.003 
   0.324 
   0.246 
  -0.052 
   0.437 
  -0.496 
  -0.304 
   0.102 
   0.322 
  -0.116 
  -0.299 
  -0.302 
   0.568 
  -0.514 
   0.145 
   0.285 
   0.480 
   0.045 
  -0.427 
  -0.043 
  -0.251 
  -0.292 
  -0.269 
   0.033 
   0.502 
  -0.363 
  -0.509 
   0.133 
  -0.397 
   0.049 
  -0.481 
  -0.487 
  -0.152 
  -0.348 
  -0.293 
  -0.439 
   0.329 
  -0.031 
  -0.235 
   0.085 
   0.102 
  -0.161 
  -0.191 
  -0.379 
   0.345 
   0.018 
  -0.341 
  -0.328 
  -0.071 
  -0.339 
   0.013 
   0.562 
   0.529 
  -0.085 
  -0.409 
  -0.502 
  -0.036 
  -0.371 
   0.223 
   0.050 
  -0.170 
   0.609 
   0.362 
   0.209 
  -0.062 
  -0.195 
   0.338 
   0.464 
  -0.298 
   0.281 
   0.564 
   0.288 
  -0.350 
   0.352 
  -0.170 
  -0.300 
   0.731 
   0.412 
   0.285 
   0.384 
   0.563 
  -0.074 
   0.587 
   0.150 
   0.123 
   0.624 
   0.082 
  -0.435 
   0.290 
   0.014 
  -0.052 
   0.216 
   1.055 
   0.608 
  -0.103 
  -0.328 
  -0.407 
  -0.345 
   0.247 
   0.357 
  -0.239 
  -0.030 
   0.955 
   0.562 
   0.320 
  -0.380 
  -0.270 
  -0.377 
   0.248 
   0.068 
   0.116 
   0.319 
   0.187 
  -0.514 
  -0.171 
   0.063 
   0.369 
   0.246 
   0.367 
   0.628 
  -0.407 
   0.159 
  -0.215 
   0.383 
   0.071 
  -0.085 
  -0.255 
   0.712 
  -0.025 
  -0.091 
  -0.326 
   0.202 
  -0.028 
  -0.195 
   0.179 
  -0.055 
   0.572 
   0.471 
  -0.046 
  -0.382 
   0.110 
  -0.224 
   0.067 
   0.298 
  -0.378 
   0.278 
  -0.254 
  -0.207 
   0.890 
  -0.142 
   0.055 
   0.383 
  -0.381 
  -0.037 
  -0.076 
   0.457 
  -0.322 
   0.314 
  -0.144 
  -0.123 
  -0.277 
   0.326 
  -0.196 
   0.297 
  -0.252 
  -0.023 
  -0.387 
  -0.179 
  -0.263 
  -0.166 
   0.392 
   0.918 
  -0.367 
  -0.068 
  -0.301 
  -0.493 
  -0.146 
  -0.418 
   0.281 
   0.012 
   1.035 
   0.632 
  -0.165 
  -0.392 
   0.392 
   0.564 
  -0.443 
  -0.253 
  -0.449 
  -0.471 
   0.045 
  -0.410 
   0.408 
   0.377 
   0.725 
  -0.184 
  -0.146 
  -0.226 
  -0.334 
  -0.218 
  -0.175 
  -0.179 
   0.873 
  -0.127 
  -0.294 
   0.264 
   0.757 
  -0.365 
   0.290 
  -0.170 
   0.516 
   0.487 
  -0.075 
   0.226 
  -0.054 
  -0.105 
  -0.024 
  -0.497 
  -0.315 
   0.527 
   0.425 
   0.532 
  -0.323 
   0.103 
   0.773 
  -0.279 
   0.031 
  -0.352 
  -0.145 
   0.383 
  -0.341 
   0.527 
   0.019 
  -0.429 
  -0.289 
   0.337 
  -0.299 
   0.256 
   0.651 
  -0.354 
   0.418 
  -0.230 
   0.069 
  -0.387 
  -0.321 
  -0.112 
  -0.045 
   0.445 
  -0.243 
  -0.317 
  -0.331 
   0.802 
  -0.064 
   0.106 
   0.328 
   0.030 
  -0.132 
  -0.477 
  -0.202 
   0.053 
  -0.348 
   0.110 
  -0.165 
  -0.477 
  -0.338 
   0.352 
   0.001 
  -0.257 
   0.512 
   0.360 
   0.416 
  -0.084 
  -0.150 
   0.124 
  -0.339 
  -0.276 
   0.264 
  -0.069 
  -0.050 
  -0.022 
   0.192 
   0.120 
  -0.233 
   0.622 
  -0.439 
   0.473 
   0.120 
   0.812 
   0.283 
   0.113 
  -0.069 
   0.176 
  -0.493 
  -0.342 
   0.358 
  -0.304 
   0.045 
   0.137 
  -0.297 
  -0.421 
   0.715 
  -0.260 
  -0.323 
   0.254 
   0.390 
   0.080 
  -0.509 
  -0.253 
  -0.103 
  -0.291 
   0.613 
   0.246 
   0.514 
  -0.388 
  -0.137 
  -0.107 
   0.087 
   0.185 
   0.051 
  -0.314 
  -0.225 
  -0.501 
  -0.156 
   0.451 
  -0.428 
  -0.032 
  -0.265 
  -0.369 
  -0.451 
  -0.187 
   0.067 
   0.326 
  -0.182 
  -0.222 
  -0.332 
  -0.326 
   0.095 
  -0.276 
  -0.260 
  -0.292 
   0.179 
  -0.403 
   0.300 
  -0.145 
   0.173 
   0.135 
  -0.352 
   0.764 
  -0.387 
   0.133 
   0.053 
  -0.123 
  -0.126 
   0.756 
   0.219 
   0.179 
  -0.412 
  -0.066 
   0.186 
   0.042 
   0.303 
  -0.452 
   0.204 
   0.295 
  -0.064 
   0.763 
   0.379 
  -0.007 
   0.023 
  -0.102 
  -0.418 
  -0.301 
  -0.480 
  -0.460 
   0.616 
   0.089 
   0.035 
  -0.373 
   0.084 
   0.409 
  -0.049 
   0.169 
  -0.312 
   0.540 
   0.289 
   0.323 
   0.033 
  -0.430 
  -0.331 
  -0.097 
  -0.048 
  -0.085 
  -0.091 
   0.773 
  -0.232 
  -0.309 
  -0.490 
   0.424 
  -0.367 
  -0.115 
   0.914 
  -0.084 
  -0.388 
   0.345 
  -0.502 
   0.356 
   0.087 
   0.700 
   0.134 
  -0.263 
   0.254 
   0.030 
   0.201 
   0.331 
  -0.441 
   0.271 
   0.225 
   0.459 
   0.588 
  -0.021 
   0.962 
  -0.361 
  -0.427 
   0.387 
   0.450 
  -0.029 
   0.270 
  -0.015 
   0.434 
  -0.316 
   0.283 
   0.348 
  -0.252 
   0.206 
   0.514 
  -0.199 
  -0.317 
  -0.209 
   0.771 
   0.889 
   0.251 
   0.003 
   0.152 
  -0.505 
  -0.020 
   0.456 
  -0.179 
  -0.223 
  -0.470 
  -0.012 
   0.156 
  -0.041 
   0.399 
  -0.324 
  -0.241 
   0.273 
   0.333 
  -0.474 
   0.027 
   0.206 
   0.230 
   0.019 
   0.550 
   0.187 
   0.151 
  -0.273 
   0.213 
  -0.399 
  -0.310 
   0.160 
  -0.336 
   0.182 
  -0.426 
  -0.018 
   0.527 
   0.515 
   0.427 
   0.380 
  -0.130 
   0.023 
  -0.005 
   0.137 
   0.260 
  -0.473 
   0.218 
  -0.014 
   0.161 
  -0.305 
  -0.067 
  -0.388 
   0.693 
   0.592 
   0.532 
  -0.392 
   0.268 
  -0.435 
  -0.477 
   0.562 
  -0.084 
  -0.100 
  -0.071 
   0.149 
   0.331 
  -0.449 
   1.023 
  -0.144 
  -0.387 
  -0.073 
   0.441 
   0.137 
  -0.273 
  -0.305 
   0.225 
   0.245 
  -0.406 
  -0.253 
   0.181 
   0.613 
   0.116 
   0.220 
  -0.374 
   0.189 
   0.025 
   0.110 
  -0.083 
   0.685 
  -0.470 
   0.630 
  -0.300 
   0.263 
  -0.494 
   0.502 
  -0.340 
   0.390 
  -0.450 
   0.087 
   0.427 
   0.241 
   0.493 
  -0.127 
  -0.345 
   0.582 
  -0.032 
  -0.173 
   0.080 
  -0.080 
   0.219 
   0.321 
   0.856 
  -0.251 
  -0.140 
   0.572 
  -0.041 
  -0.283 
  -0.042 
  -0.331 
   0.352 
   0.030 
  -0.447 
   0.585 
   0.445 
  -0.154 
   0.188 
  -0.348 
  -0.120 
  -0.320 
   0.369 
  -0.199 
  -0.401 
  -0.324 
   0.179 
  -0.378 
  -0.452 
   0.117 
  -0.447 
  -0.380 
   0.411 
  -0.239 
  -0.384 
  -0.498 
   0.157 
  -0.260 
   0.285 
  -0.320 
   0.566 
   0.662 
  -0.149 
   0.097 
   0.644 
   0.714 
  -0.358 
   0.473 
   0.148 
  -0.156 
   0.094 
  -0.242 
  -0.430 
  -0.254 
   0.101 
   0.485 
  -0.355 
   0.768 
   0.125 
   0.057 
  -0.464 
   0.004 
   0.435 
   0.511 
   0.333 
   0.373 
  -0.435 
  -0.169 
   0.882 
  -0.443 
  -0.454 
  -0.410 
  -0.499 
   0.213 
  -0.473 
  -0.038 
  -0.333 
  -0.060 
  -0.041 
   0.340 
  -0.278 
   0.286 
   0.926 
  -0.304 
   0.051 
   0.059 
  -0.291 
  -0.336 
  -0.157 
   0.128 
   0.060 
   0.408 
   0.012 
  -0.074 
  -0.253 
   0.259 
  -0.144 
  -0.068 
   0.498 
   0.016 
  -0.232 
   0.499 
   0.054 
   0.515 
  -0.290 
   0.041 
   0.648 
   0.394 
  -0.387 
   0.194 
   0.221 
  -0.216 
  -0.476 
  -0.273 
   0.165 
  -0.056 
   0.103 
   0.116 
   0.135 
   0.182 
  -0.511 
   0.630 
   0.573 
  -0.095 
  -0.094 
  -0.501 
   0.891 
  -0.224 
  -0.433 
  -0.066 
   0.020 
  -0.437 
  -0.010 
  -0.379 
   0.244 
  -0.001 
  -0.456 
  -0.502 
  -0.230 
   0.226 
   0.723 
   0.128 
  -0.002 
  -0.200 
  -0.166 
  -0.012 
   0.434 
  -0.260 
   0.535 
   0.779 
  -0.344 
   0.057 
   0.338 
  -0.035 
  -0.341 
  -0.477 
  -0.467 
   0.131 
  -0.394 
   0.390 
   0.559 
  -0.285 
   0.263 
   0.636 
   0.008 
   0.003 
   0.224 
   0.204 
   0.336 
  -0.032 
  -0.244 
   0.008 
  -0.339 
   0.000 
   0.236 
  -0.221 
   0.897 
   0.269 
   0.380 
   0.320 
  -0.033 
   0.363 
   0.009 
  -0.402 
  -0.009 
   0.408 
  -0.194 
   0.301 
   0.572 
  -0.068 
   0.168 
   0.093 
  -0.422 
   0.082 
   0.224 
  -0.340 
  -0.139 
   0.350 
   0.225 
  -0.302 
   0.060 
  -0.332 
   0.391 
  -0.078 
  -0.260 
   0.902 
   0.044 
  -0.339 
   0.262 
  -0.346 
  -0.194 
  -0.436 
  -0.031 
  -0.269 
   0.050 
   0.508 
   0.123 
  -0.027 
  -0.264 
   0.163 
  -0.509 
   0.130 
  -0.380 
   0.495 
   0.575 
  -0.232 
   0.382 
   0.306 
  -0.387 
  -0.348 
  -0.186 
  -0.394 
  -0.286 
  -0.487 
  -0.342 
  -0.074 
  -0.346 
  -0.023 
   0.567 
   0.061 
  -0.398 
  -0.278 
  -0.151 
   0.205 
  -0.250 
  -0.283 
   0.468 
   0.101 
   0.266 
  -0.287 
  -0.467 
   0.798 
   0.080 
   0.596 
  -0.172 
  -0.347 
  -0.338 
  -0.067 
   0.753 
  -0.447 
  -0.036 
  -0.268 
  -0.239 
  -0.509 
   0.455 
   0.086 
   0.059 
   0.015 
  -0.429 
  -0.350 
  -0.097 
  -0.403 
  -0.502 
   0.227 
   0.077 
  -0.431 
   0.431 
  -0.010 
  -0.366 
   0.545 
  -0.301 
  -0.242 
  -0.013 
   0.406 
  -0.456 
  -0.331 
  -0.380 
   0.328 
  -0.279 
   0.111 
   0.281 
  -0.244 
   0.227 
   0.073 
  -0.152 
   0.283 
  -0.419 
   0.281 
  -0.225 
   0.883 
   0.268 
  -0.332 
  -0.242 
  -0.261 
  -0.183 
   0.327 
   0.523 
   0.372 
  -0.363 
   0.479 
  -0.333 
   0.188 
  -0.506 
   0.166 
  -0.260 
  -0.303 
  -0.172 
   0.198 
   0.300 
   0.031 
   0.861 
  -0.201 
   0.227 
   1.000 
  -0.287 
   0.685 
   0.449 
   0.160 
  -0.427 
   0.398 
   0.439 
  -0.353 
  -0.348 
   0.361 
   0.700 
   0.182 
  -0.303 
   0.198 
   0.866 
   0.184 
   0.091 
   0.405 
   0.368 
   0.236 
  -0.115 
  -0.177 
   0.656 
   1.018 
  -0.039 
   0.107 
  -0.194 
  -0.223 
   0.436 
   0.615 
   0.536 
  -0.216 
  -0.279 
  -0.303 
   0.378 
   0.051 
   0.106 
  -0.120 
   0.339 
   0.078 
  -0.259 
   0.058 
  -0.173 
   0.418 
   0.078 
  -0.234 
  -0.510 
   0.034 
   0.544 
   0.499 
  -0.241 
  -0.470 
   0.332 
  -0.052 
  -0.123 
  -0.402 
   0.366 
   0.172 
   0.255 
   0.343 
   0.537 
   0.318 
   0.173 
   0.067 
  -0.129 
   0.248 
  -0.273 
  -0.049 
  -0.368 
  -0.102 
  -0.297 
  -0.414 
  -0.162 
   0.346 
   0.674 
  -0.031 
  -0.341 
  -0.216 
  -0.143 
   0.530 
  -0.445 
   0.077 
   0.412 
   0.102 
   0.359 
  -0.456 
   0.719 
   0.516 
  -0.230 
   0.046 
  -0.307 
   0.513 
  -0.411 
   0.013 
  -0.228 
   0.159 
  -0.134 
   0.355 
   0.294 
   0.762 
   0.214 
  -0.097 
  -0.049 
   0.140 
   0.029 
   0.685 
  -0.302 
   0.118 
   0.326 
   0.155 
   0.319 
   0.208 
  -0.503 
   0.407 
  -0.203 
   0.316 
   0.285 
  -0.409 
  -0.166 
   0.286 
  -0.402 
  -0.269 
   0.106 
   0.023 
   0.664 
  -0.129 
   0.263 
  -0.345 
   0.143 
   0.674 
  -0.270 
  -0.254 
  -0.504 
  -0.347 
   0.270 
   0.432 
   0.364 
  -0.338 
  -0.507 
   0.048 
   0.043 
  -0.394 
   0.192 
   0.577 
   0.920 
   0.209 
   0.019 
   0.085 
  -0.121 
  -0.271 
  -0.045 
  -0.391 
   0.365 
   0.012 
   0.092 
   0.453 
   0.081 
   0.196 
  -0.416 
   0.387 
  -0.430 
  -0.103 
   0.077 
  -0.478 
  -0.074 
   0.345 
  -0.490 
  -0.294 
  -0.129 
  -0.230 
  -0.272 
  -0.370 
   0.358 
   0.562 
  -0.007 
  -0.435 
   0.180 
  -0.226 
  -0.003 
   0.040 
   0.456 
   0.109 
  -0.161 
  -0.121 
  -0.394 
   0.098 
   0.886 
  -0.265 
  -0.015 
  -0.306 
  -0.427 
  -0.396 
   0.142 
   0.307 
   0.250 
   1.090 
  -0.143 
  -0.417 
  -0.236 
  -0.452 
  -0.008 
   0.299 
  -0.359 
   0.380 
   0.020 
   0.119 
  -0.171 
   0.445 
   0.777 
  -0.505 
   0.136 
   0.409 
   0.005 
   0.069 
  -0.418 
   0.142 
   0.298 
  -0.108 
  -0.186 
  -0.272 
   0.701 
   0.519 
  -0.467 
  -0.416 
  -0.178 
  -0.457 
  -0.073 
   0.233 
   0.251 
  -0.395 
   0.159 
   0.562 
  -0.401 
  -0.159 
  -0.272 
  -0.222 
   0.159 
  -0.254 
   0.286 
   0.236 
   0.231 
  -0.295 
   0.121 
   0.231 
   0.070 
  -0.076 
  -0.383 
  -0.244 
   0.230 
   0.409 
   0.338 
   0.694 
   0.292 
   0.038 
   0.079 
   0.897 
   0.335 
   0.197 
   0.404 
   0.073 
  -0.419 
   0.567 
   0.345 
   0.342 
   0.099 
   0.642 
   0.734 
  -0.237 
  -0.473 
  -0.474 
   0.298 
  -0.320 
   0.333 
   0.303 
   0.363 
   0.228 
  -0.069 
  -0.304 
   0.383 
  -0.447 
  -0.472 
  -0.340 
  -0.398 
  -0.456 
   0.628 
   0.447 
   0.272 
   0.651 
  -0.291 
   0.206 
  -0.009 
  -0.260 
   0.194 
  -0.243 
  -0.364 
  -0.371 
  -0.460 
   0.706 
  -0.337 
   0.061 
   0.294 
  -0.025 
  -0.163 
   0.072 
   0.735 
   0.341 
  -0.165 
  -0.228 
   0.434 
   0.744 
   0.085 
   0.457 
   0.479 
   0.122 
  -0.212 
   0.455 
   0.520 
   0.637 
   0.388 
  -0.191 
  -0.349 
   0.139 
  -0.322 
   0.098 
  -0.000 
   0.356 
   0.364 
  -0.049 
  -0.047 
   0.286 
  -0.384 
  -0.125 
  -0.429 
  -0.448 
  -0.249 
  -0.085 
   0.314 
   0.660 
   0.008 
  -0.133 
   0.736 
  -0.353 
  -0.321 
  -0.220 
  -0.146 
  -0.358 
   0.667 
  -0.167 
   0.194 
   0.118 
  -0.054 
   0.632 
   0.345 
   0.210 
   0.605 
  -0.333 
   0.070 
  -0.010 
   0.351 
   0.818 
  -0.229 
   0.544 
  -0.057 
  -0.193 
   0.083 
   0.322 
  -0.504 
   0.373 
   0.029 
   0.707 
   0.547 
   0.040 
  -0.206 
   0.266 
  -0.427 
  -0.219 
  -0.354 
  -0.448 
   0.058 
  -0.304 
   0.617 
  -0.214 
   0.235 
  -0.042 
   0.644 
   0.361 
  -0.415 
  -0.384 
   0.309 
  -0.433 
   0.396 
   0.051 
   0.176 
   0.298 
  -0.069 
  -0.329 
  -0.055 
   0.907 
  -0.125 
   0.308 
  -0.329 
   0.253 
  -0.321 
  -0.095 
   0.450 
   0.028 
   0.334 
  -0.483 
  -0.285 
   0.152 
   0.050 
  -0.510 
  -0.382 
  -0.252 
  -0.233 
   0.355 
   0.677 
   0.576 
   0.046 
   0.415 
   0.488 
   0.524 
  -0.330 
  -0.086 
  -0.168 
  -0.322 
   0.248 
   0.066 
  -0.395 
  -0.225 
   0.070 
  -0.024 
  -0.422 
   0.358 
  -0.155 
   0.232 
   0.219 
   0.117 
  -0.398 
   0.152 
   0.389 
   0.099 
  -0.390 
   0.680 
  -0.061 
   0.301 
  -0.395 
  -0.241 
   0.400 
   0.391 
  -0.134 
  -0.302 
  -0.420 
  -0.118 
  -0.486 
  -0.374 
  -0.405 
   0.425 
  -0.033 
  -0.434 
   0.614 
  -0.488 
  -0.312 
  -0.138 
   0.312 
  -0.257 
  -0.093 
   0.262 
  -0.334 
   0.140 
   0.447 
   0.373 
   0.597 
  -0.393 
  -0.429 
   0.474 
  -0.350 
  -0.369 
  -0.295 
  -0.074 
  -0.199 
  -0.191 
   0.101 
  -0.234 
  -0.491 
   0.006 
   1.041 
   0.655 
  -0.288 
   0.031 
   0.415 
   0.322 
   0.508 
   0.711 
   0.838 
   0.245 
   0.246 
  -0.282 
   0.725 
   0.298 
  -0.486 
  -0.030 
  -0.191 
   0.199 
   0.682 
   0.727 
  -0.391 
  -0.405 
   0.619 
   0.301 
   0.021 
  -0.034 
   0.833 
   0.193 
  -0.208 
   0.546 
  -0.256 
  -0.128 
  -0.227 
   0.709 
  -0.455 
   0.223 
  -0.364 
   0.072 
   0.048 
   0.334 
  -0.326 
   0.330 
  -0.477 
   0.676 
  -0.119 
   0.756 
  -0.270 
  -0.029 
   0.375 
   0.084 
   0.584 
   0.014 
  -0.208 
   0.113 
   0.322 
   0.052 
  -0.362 
   0.023 
  -0.318 
  -0.261 
  -0.268 
   0.420 
  -0.346 
   0.114 
   0.634 
  -0.224 
   0.906 
  -0.290 
  -0.303 
  -0.044 
  -0.138 
   0.004 
   0.344 
   0.050 
  -0.252 
  -0.402 
   0.199 
   0.323 
  -0.204 
  -0.262 
  -0.294 
  -0.065 
  -0.261 
   0.076 
   0.182 
   0.383 
   0.291 
  -0.005 
  -0.210 
  -0.157 
   0.289 
  -0.405 
   0.297 
  -0.191 
   0.005 
   0.158 
   0.515 
   0.349 
  -0.400 
   0.150 
  -0.170 
  -0.373 
   0.043 
  -0.372 
   0.295 
   0.357 
   0.197 
  -0.298 
  -0.030 
  -0.115 
  -0.428 
   0.170 
   0.345 
   0.025 
   0.479 
   0.271 
  -0.249 
  -0.444 
   0.388 
   0.175 
   0.467 
  -0.232 
  -0.058 
   0.462 
  -0.057 
   0.387 
   0.424 
   0.161 
   0.098 
  -0.278 
   0.054 
   0.403 
   0.495 
   0.333 
  -0.207 
  -0.428 
  -0.303 
  -0.179 
  -0.455 
  -0.237 
   0.342 
  -0.450 
  -0.484 
  -0.332 
   0.486 
  -0.105 
  -0.075 
  -0.163 
   0.054 
  -0.261 
   0.131 
   0.633 
   0.495 
  -0.256 
   0.080 
  -0.082 
   0.177 
   0.577 
  -0.096 
   0.353 
   0.063 
  -0.200 
  -0.147 
   0.253 
   0.519 
   0.203 
  -0.127 
   0.421 
   0.374 
  -0.279 
  -0.276 
  -0.277 
  -0.134 
   0.045 
   0.642 
  -0.345 
   0.298 
   0.519 
  -0.146 
  -0.438 
  -0.331 
   0.875 
  -0.242 
   0.238 
  -0.187 
  -0.334 
   0.286 
  -0.200 
  -0.389 
  -0.329 
   0.151 
  -0.206 
   0.433 
  -0.362 
  -0.345 
  -0.465 
   0.987 
   0.044 
  -0.098 
  -0.278 
   0.292 
  -0.120 
   0.138 
   0.156 
  -0.036 
   0.141 
   0.222 
   0.070 
  -0.470 
  -0.201 
   0.107 
  -0.490 
   0.034 
  -0.492 
   0.588 
  -0.101 
  -0.033 
  -0.400 
  -0.181 
  -0.340 
   0.310 
  -0.219 
  -0.161 
   0.159 
   0.382 
   0.634 
   0.148 
  -0.168 
   0.548 
  -0.348 
   0.241 
  -0.365 
  -0.026 
   0.075 
   0.246 
   0.579 
   0.726 
   0.523 
   0.438 
   0.116 
  -0.000 
  -0.291 
   0.225 
  -0.286 
  -0.219 
  -0.103 
   0.420 
  -0.277 
  -0.241 
   0.393 
  -0.415 
   0.282 
   0.332 
   0.055 
  -0.242 
  -0.469 
   0.419 
  -0.046 
   0.323 
  -0.360 
  -0.042 
   0.238 
   0.716 
  -0.334 
   0.125 
  -0.156 
  -0.240 
  -0.267 
  -0.086 
  -0.123 
   0.295 
  -0.012 
   0.705 
  -0.282 
   0.155 
  -0.387 
  -0.294 
   0.438 
   0.002 
   0.340 
  -0.355 
  -0.454 
  -0.252 
   0.421 
   0.289 
   0.394 
   0.034 
  -0.326 
   1.050 
   0.642 
  -0.426 
  -0.337 
  -0.043 
  -0.187 
   0.337 
  -0.324 
  -0.351 
   0.769 
  -0.349 
  -0.163 
  -0.308 
  -0.411 
  -0.316 
  -0.272 
  -0.307 
  -0.292 
  -0.009 
   0.216 
   0.350 
   0.312 
   0.327 
   0.456 
  -0.306 
   0.218 
  -0.065 
  -0.378 
   0.233 
   0.238 
   0.447 
  -0.323 
  -0.390 
  -0.078 
   0.991 
   0.632 
  -0.051 
   0.113 
   0.102 
   0.964 
  -0.304 
   0.618 
  -0.060 
  -0.049 
   0.166 
   0.210 
  -0.377 
   0.271 
  -0.184 
   0.059 
  -0.071 
  -0.261 
  -0.507 
   0.403 
  -0.342 
   0.244 
   0.507 
  -0.025 
  -0.485 
   0.379 
  -0.188 
  -0.182 
   0.873 
  -0.373 
   0.021 
   0.212 
  -0.512 
   0.320 
  -0.190 
  -0.470 
   0.376 
  -0.419 
  -0.175 
   0.027 
   0.794 
  -0.368 
  -0.139 
  -0.315 
  -0.385 
  -0.514 
  -0.412 
  -0.217 
  -0.262 
  -0.428 
  -0.334 
  -0.425 
  -0.360 
   0.420 
   0.089 
   0.096 
  -0.366 
   0.270 
   0.278 
  -0.454 
   0.150 
   0.278 
  -0.295 
  -0.235 
   0.131 
   0.076 
  -0.300 
   0.211 
  -0.181 
   0.326 
   0.102 
  -0.322 
  -0.142 
   0.210 
  -0.184 
  -0.142 
   0.362 
   0.163 
   0.541 
   0.282 
   0.103 
   0.087 
   0.031 
  -0.315 
  -0.227 
   0.387 
   0.187 
   0.192 
   0.056 
   0.242 
   0.092 
  -0.277 
  -0.095 
   0.070 
   0.998 
  -0.007 
   0.135 
  -0.260 
  -0.036 
   0.392 
   0.332 
   0.431 
   0.336 
   0.270 
  -0.095 
  -0.293 
   0.050 
  -0.078 
  -0.353 
  -0.413 
   0.193 
  -0.282 
  -0.068 
   0.331 
   0.881 
   0.701 
   0.119 
   1.052 
  -0.332 
   0.175 
   0.266 
   0.229 
   0.131 
   0.074 
   0.160 
   0.832 
  -0.252 
  -0.211 
   0.741 
  -0.213 
   0.029 
   0.072 
   0.524 
  -0.377 
   0.295 
   0.023 
  -0.179 
   0.691 
   0.275 
   0.029 
  -0.310 
  -0.184 
  -0.005 
   0.801 
   0.250 
  -0.339 
  -0.358 
  -0.139 
   0.660 
   0.707 
   0.168 
   0.355 
   0.137 
  -0.430 
  -0.460 
  -0.361 
  -0.507 
   0.118 
   0.154 
   0.934 
   0.283 
   0.002 
  -0.083 
   0.127 
   0.405 
   0.199 
   0.072 
   0.770 
  -0.086 
  -0.257 
   0.277 
   0.171 
   0.535 
   0.008 
   0.360 
  -0.203 
  -0.088 
   0.483 
  -0.003 
  -0.464 
  -0.054 
  -0.467 
  -0.049 
  -0.314 
   0.860 
  -0.132 
  -0.247 
   0.101 
  -0.021 
  -0.226 
   0.244 
   0.316 
   0.492 
  -0.288 
   0.106 
  -0.477 
  -0.453 
  -0.331 
  -0.323 
  -0.133 
   0.573 
   0.043 
   0.073 
   0.123 
   0.140 
  -0.371 
   0.081 
   0.022 
   0.832 
   0.150 
  -0.419 
  -0.078 
   0.083 
   0.116 
   0.245 
   0.918 
   0.450 
  -0.121 
  -0.372 
  -0.062 
  -0.284 
  -0.336 
  -0.337 
  -0.355 
  -0.281 
   0.374 
   0.185 
   0.062 
   0.443 
  -0.355 
   0.794 
  -0.221 
  -0.029 
  -0.386 
   0.928 
  -0.481 
  -0.339 
  -0.243 
   0.091 
   0.402 
  -0.458 
   0.269 
   0.674 
   0.029 
  -0.128 
   0.775 
  -0.006 
   0.366 
  -0.111 
   0.282 
  -0.241 
   0.317 
  -0.323 
   0.358 
   0.048 
  -0.397 
   0.023 
  -0.463 
   0.385 
   0.296 
   0.390 
  -0.130 
  -0.404 
  -0.217 
   0.965 
   0.363 
   0.255 
  -0.368 
  -0.285 
   0.314 
  -0.232 
  -0.256 
  -0.159 
  -0.059 
   0.279 
   0.245 
   0.291 
  -0.023 
   0.101 
   0.847 
  -0.462 
   0.458 
   0.481 
  -0.485 
  -0.134 
   0.336 
  -0.027 
   0.049 
   0.138 
   0.316 
  -0.074 
   0.512 
   0.043 
   0.739 
  -0.341 
  -0.198 
   0.273 
   0.314 
  -0.422 
  -0.457 
   0.365 
  -0.420 
  -0.133 
  -0.375 
  -0.347 
  -0.131 
   0.109 
   0.273 
  -0.324 
  -0.277 
   0.566 
   0.157 
   0.332 
   0.029 
  -0.271 
   0.340 
  -0.267 
   0.418 
  -0.104 
   0.104 
  -0.313 
   0.129 
  -0.433 
  -0.470 
  -0.261 
   0.268 
   0.349 
  -0.290 
   0.224 
  -0.497 
   0.517 
   0.268 
   0.760 
   0.618 
   0.647 
  -0.440 
   0.815 
  -0.107 
   0.107 
   0.557 
   0.070 
   0.396 
  -0.024 
   0.330 
  -0.402 
  -0.008 
  -0.471 
  -0.048 
  -0.215 
  -0.431 
  -0.168 
  -0.336 
   0.049 
  -0.012 
   0.192 
  -0.165 
   0.424 
  -0.417 
  -0.450 
  -0.053 
   0.522 
  -0.306 
   0.100 
  -0.162 
   0.448 
   0.476 
  -0.423 
  -0.197 
  -0.391 
   0.248 
   0.398 
  -0.323 
   0.166 
  -0.399 
  -0.061 
  -0.033 
  -0.058 
  -0.453 
  -0.253 
  -0.292 
  -0.445 
  -0.046 
  -0.515 
   0.444 
  -0.105 
  -0.109 
  -0.372 
   0.779 
  -0.052 
   0.641 
   0.150 
   0.328 
   0.076 
   0.313 
   0.103 
  -0.143 
   0.629 
   0.414 
   0.053 
  -0.338 
   0.342 
   0.344 
  -0.142 
   0.011 
   0.296 
  -0.029 
  -0.442 
   0.311 
  -0.468 
   0.238 
   0.370 
   0.018 
   0.229 
   0.141 
  -0.345 
  -0.431 
   0.114 
   0.052 
   0.199 
  -0.236 
  -0.314 
   0.184 
   0.052 
  -0.146 
  -0.218 
  -0.255 
   0.072 
  -0.434 
   0.614 
   0.054 
   0.067 
  -0.148 
   0.093 
   0.315 
  -0.352 
  -0.418 
  -0.229 
   0.385 
   0.304 
  -0.435 
  -0.062 
   0.584 
  -0.240 
   0.344 
   0.371 
   0.297 
   0.271 
  -0.227 
   0.218 
   1.072 
  -0.007 
  -0.251 
   0.020 
   0.404 
  -0.285 
  -0.143 
   0.085 
   0.276 
  -0.348 
   0.093 
  -0.336 
   0.484 
  -0.026 
   0.343 
   0.108 
  -0.393 
  -0.513 
   0.071 
  -0.069 
   0.082 
   0.194 
  -0.367 
  -0.077 
  -0.206 
   0.429 
   0.447 
   0.251 
  -0.193 
  -0.299 
  -0.132 
   0.404 
  -0.127 
  -0.473 
  -0.469 
  -0.382 
  -0.151 
  -0.032 
   0.080 
   0.318 
  -0.399 
   0.329 
   0.626 
  -0.142 
  -0.364 
  -0.096 
   0.312 
   0.000 
  -0.368 
  -0.153 
  -0.273 
  -0.447 
   0.222 
  -0.046 
   0.308 
   0.363 
   0.388 
   0.194 
  -0.000 
  -0.105 
   0.295 
  -0.280 
  -0.254 
   0.445 
  -0.083 
   0.377 
   0.536 
   0.758 
   0.219 
  -0.472 
   0.087 
   0.299 
  -0.386 
   0.210 
  -0.455 
   0.172 
  -0.316 
  -0.332 
  -0.257 
   0.404 
  -0.311 
  -0.288 
  -0.049 
  -0.239 
   0.723 
   0.241 
   0.122 
   0.608 
  -0.225 
  -0.220 
  -0.405 
   0.568 
   0.044 
  -0.428 
   0.163 
  -0.275 
  -0.287 
   0.195 
  -0.026 
  -0.376 
  -0.130 
   0.337 
   0.147 
   0.728 
   0.226 
   0.394 
   0.751 
  -0.104 
   0.679 
  -0.166 
   0.314 
  -0.220 
   1.135 
   0.239 
  -0.323 
   0.082 
   0.061 
   0.851 
   0.330 
   0.639 
  -0.419 
  -0.272 
   0.224 
   0.018 
   0.137 
   0.385 
   0.236 
  -0.277 
   0.295 
   0.088 
  -0.365 
   0.528 
   0.413 
  -0.253 
  -0.508 
   0.136 
  -0.400 
  -0.308 
  -0.358 
   0.287 
  -0.301 
   0.549 
  -0.354 
  -0.381 
   0.360 
  -0.287 
   0.437 
  -0.256 
   0.906 
   0.021 
   0.446 
  -0.132 
  -0.367 
  -0.413 
  -0.345 
  -0.253 
   0.352 
  -0.008 
  -0.472 
  -0.336 
  -0.514 
   0.269 
   0.364 
  -0.334 
   0.342 
  -0.295 
  -0.066 
  -0.050 
  -0.271 
  -0.371 
   0.165 
   0.201 
   0.166 
  -0.009 
   0.291 
  -0.149 
  -0.089 
  -0.446 
   0.540 
   0.628 
  -0.008 
   0.451 
  -0.044 
  -0.292 
  -0.023 
   0.218 
   0.110 
   0.240 
  -0.216 
  -0.160 
  -0.166 
   0.139 
  -0.276 
  -0.066 
  -0.098 
   0.036 
  -0.291 
   0.632 
   0.037 
  -0.194 
  -0.328 
  -0.192 
  -0.447 
   0.309 
  -0.157 
  -0.209 
  -0.106 
   0.341 
   0.127 
  -0.017 
   0.429 
  -0.456 
  -0.409 
  -0.155 
  -0.476 
   0.247 
   0.174 
  -0.212 
   0.277 
  -0.485 
  -0.205 
  -0.363 
   0.340 
   0.436 
  -0.199 
  -0.486 
  -0.109 
   0.078 
  -0.200 
   0.346 
  -0.480 
  -0.201 
   0.117 
  -0.377 
  -0.153 
   0.367 
  -0.259 
   0.430 
   0.377 
  -0.027 
   0.623 
  -0.507 
   0.374 
  -0.404 
   0.056 
   0.048 
  -0.267 
   0.003 
