  -0.283 
   0.217 
   0.300 
   0.088 
  -0.078 
   0.093 
   0.220 
  -0.219 
   0.177 
   0.025 
   0.199 
   0.135 
   0.083 
  -0.261 
  -0.071 
   0.151 
   0.143 
   0.020 
  -0.169 
  -0.041 
   0.043 
   0.244 
   0.119 
   0.112 
  -0.215 
   0.157 
   0.141 
   0.278 
  -0.146 
   0.067 
   0.090 
   0.063 
   0.085 
  -0.052 
   0.100 
   0.088 
   0.051 
   0.181 
   0.296 
   0.193 
   0.064 
   0.106 
   0.198 
   0.036 
  -0.002 
   0.070 
  -0.199 
  -0.133 
   0.006 
   0.167 
   0.169 
  -0.282 
  -0.056 
  -0.043 
   0.011 
  -0.064 
  -0.049 
  -0.031 
  -0.132 
  -0.045 
  -0.285 
   0.152 
  -0.131 
   0.030 
  -0.047 
   0.129 
  -0.177 
  -0.080 
   0.016 
  -0.017 
   0.057 
  -0.040 
  -0.114 
   0.226 
   0.249 
   0.015 
  -0.003 
   0.168 
  -0.210 
   0.029 
  -0.128 
  -0.143 
  -0.043 
   0.089 
  -0.077 
   0.084 
  -0.064 
  -0.004 
   0.101 
  -0.111 
   0.215 
   0.244 
   0.069 
   0.044 
   0.120 
   0.026 
  -0.016 
  -0.033 
   0.332 
  -0.033 
  -0.039 
   0.437 
   0.115 
   0.162 
   0.097 
  -0.138 
  -0.127 
  -0.109 
  -0.172 
  -0.118 
  -0.077 
   0.222 
  -0.049 
   0.081 
   0.201 
   0.048 
  -0.001 
   0.015 
  -0.029 
  -0.013 
  -0.027 
   0.091 
  -0.208 
  -0.056 
   0.223 
   0.135 
   0.265 
  -0.008 
   0.013 
   0.043 
  -0.026 
   0.039 
   0.062 
   0.051 
   0.018 
  -0.096 
  -0.089 
  -0.088 
   0.095 
   0.018 
   0.010 
  -0.105 
  -0.076 
  -0.039 
  -0.102 
  -0.211 
  -0.206 
  -0.150 
  -0.017 
   0.005 
  -0.117 
   0.084 
   0.070 
   0.089 
   0.155 
   0.089 
  -0.060 
  -0.143 
  -0.046 
   0.043 
  -0.088 
  -0.031 
  -0.286 
  -0.197 
  -0.169 
  -0.095 
  -0.016 
   0.031 
   0.068 
   0.092 
   0.026 
   0.010 
   0.226 
  -0.005 
  -0.057 
   0.007 
  -0.117 
  -0.031 
   0.061 
  -0.093 
  -0.019 
   0.213 
  -0.244 
  -0.104 
  -0.015 
  -0.073 
  -0.224 
  -0.081 
  -0.075 
   0.046 
  -0.048 
  -0.198 
   0.054 
   0.040 
  -0.139 
  -0.039 
   0.104 
  -0.009 
  -0.071 
   0.033 
  -0.157 
   0.116 
   0.087 
   0.079 
  -0.122 
  -0.065 
  -0.057 
  -0.243 
   0.495 
  -0.066 
  -0.247 
  -0.176 
   0.107 
   0.026 
  -0.022 
  -0.051 
  -0.034 
  -0.086 
  -0.093 
   0.107 
   0.031 
  -0.001 
   0.006 
  -0.081 
  -0.012 
   0.003 
   0.023 
   0.028 
   0.355 
   0.025 
   0.030 
   0.094 
   0.037 
  -0.015 
   0.084 
  -0.052 
   0.170 
  -0.083 
  -0.013 
  -0.023 
   0.071 
   0.047 
   0.087 
   0.320 
  -0.031 
  -0.026 
  -0.073 
   0.345 
  -0.081 
  -0.057 
  -0.142 
  -0.290 
  -0.018 
   0.146 
   0.028 
   0.056 
   0.027 
   0.225 
  -0.039 
  -0.118 
  -0.035 
  -0.154 
  -0.111 
  -0.136 
  -0.263 
  -0.093 
   0.008 
  -0.062 
   0.126 
  -0.030 
  -0.165 
   0.036 
  -0.149 
  -0.016 
  -0.094 
  -0.126 
   0.096 
   0.020 
   0.128 
  -0.050 
  -0.081 
   0.146 
  -0.054 
   0.034 
  -0.041 
  -0.008 
  -0.192 
  -0.147 
  -0.007 
   0.036 
  -0.019 
   0.094 
   0.153 
   0.123 
   0.395 
  -0.033 
   0.063 
  -0.014 
  -0.063 
   0.018 
   0.055 
  -0.100 
  -0.090 
  -0.038 
   0.036 
   0.029 
  -0.084 
  -0.096 
  -0.094 
  -0.065 
  -0.050 
   0.059 
   0.129 
   0.107 
   0.001 
   0.039 
   0.197 
  -0.139 
   0.108 
   0.284 
  -0.128 
   0.147 
  -0.041 
   0.177 
   0.039 
  -0.037 
   0.024 
  -0.080 
  -0.189 
  -0.235 
  -0.084 
  -0.054 
   0.184 
  -0.040 
   0.021 
   0.148 
  -0.042 
   0.095 
   0.430 
  -0.193 
   0.030 
   0.036 
   0.201 
  -0.202 
  -0.111 
  -0.125 
   0.059 
   0.084 
   0.097 
  -0.080 
  -0.108 
   0.015 
   0.304 
  -0.028 
  -0.037 
  -0.082 
   0.008 
   0.050 
  -0.007 
   0.013 
   0.153 
   0.182 
  -0.061 
   0.087 
  -0.171 
  -0.137 
  -0.110 
   0.120 
  -0.027 
  -0.088 
   0.231 
   0.031 
  -0.102 
  -0.097 
  -0.213 
   0.091 
   0.035 
  -0.059 
   0.037 
   0.022 
   0.062 
   0.084 
  -0.078 
  -0.068 
  -0.077 
   0.028 
   0.058 
   0.033 
  -0.064 
  -0.056 
  -0.023 
  -0.091 
  -0.027 
  -0.032 
   0.219 
   0.086 
  -0.032 
   0.101 
   0.148 
   0.187 
  -0.059 
   0.153 
   0.015 
   0.049 
  -0.117 
   0.140 
  -0.025 
   0.096 
   0.024 
  -0.075 
   0.096 
   0.083 
  -0.276 
   0.040 
  -0.106 
  -0.155 
  -0.009 
   0.015 
   0.003 
   0.080 
   0.059 
  -0.093 
  -0.096 
  -0.020 
   0.075 
   0.013 
   0.394 
   0.206 
   0.124 
  -0.158 
  -0.062 
  -0.055 
   0.173 
   0.079 
   0.285 
  -0.127 
  -0.165 
  -0.087 
   0.116 
   0.083 
  -0.094 
  -0.023 
  -0.015 
   0.010 
   0.048 
   0.031 
   0.029 
   0.095 
   0.146 
   0.047 
  -0.078 
  -0.034 
   0.041 
   0.023 
   0.008 
  -0.008 
   0.009 
  -0.043 
   0.047 
  -0.172 
  -0.108 
  -0.203 
  -0.110 
   0.215 
   0.015 
  -0.099 
  -0.019 
   0.048 
   0.187 
  -0.058 
   0.093 
   0.035 
   0.235 
   0.198 
   0.068 
   0.141 
   0.234 
   0.035 
   0.067 
   0.168 
  -0.025 
  -0.122 
  -0.152 
  -0.204 
  -0.068 
  -0.143 
   0.069 
  -0.034 
  -0.129 
  -0.188 
  -0.190 
  -0.197 
  -0.157 
  -0.236 
   0.045 
   0.059 
   0.014 
  -0.071 
  -0.001 
  -0.048 
  -0.076 
  -0.010 
  -0.077 
  -0.030 
   0.050 
  -0.123 
   0.013 
   0.046 
   0.079 
  -0.104 
  -0.077 
   0.071 
   0.246 
   0.167 
   0.042 
   0.074 
   0.084 
  -0.243 
  -0.167 
  -0.100 
   0.061 
   0.081 
   0.005 
  -0.067 
   0.430 
  -0.090 
  -0.191 
   0.172 
  -0.231 
  -0.023 
  -0.170 
  -0.114 
   0.108 
  -0.127 
   0.019 
  -0.039 
  -0.005 
  -0.009 
  -0.068 
   0.124 
   0.045 
   0.100 
   0.031 
  -0.061 
   0.022 
  -0.039 
  -0.080 
  -0.161 
  -0.059 
  -0.027 
   0.035 
   0.156 
   0.123 
   0.159 
  -0.036 
  -0.103 
  -0.137 
  -0.282 
  -0.204 
   0.082 
   0.072 
   0.074 
   0.204 
   0.028 
  -0.114 
  -0.050 
  -0.117 
   0.065 
  -0.273 
   0.065 
   0.270 
  -0.129 
   0.181 
  -0.118 
   0.370 
   0.187 
  -0.090 
   0.018 
   0.142 
   0.073 
   0.144 
   0.078 
   0.454 
   0.311 
   0.369 
  -0.062 
   0.000 
   0.172 
   0.050 
   0.430 
  -0.058 
  -0.131 
  -0.044 
  -0.180 
  -0.193 
  -0.118 
   0.469 
   0.202 
   0.064 
  -0.024 
  -0.146 
  -0.178 
  -0.026 
  -0.029 
  -0.070 
  -0.171 
   0.368 
   0.239 
   0.179 
  -0.213 
   0.048 
  -0.004 
   0.005 
  -0.004 
   0.155 
  -0.015 
   0.046 
  -0.158 
   0.102 
   0.034 
   0.146 
  -0.020 
   0.222 
  -0.033 
   0.018 
   0.097 
   0.049 
   0.083 
   0.084 
   0.057 
   0.126 
  -0.126 
  -0.052 
  -0.066 
   0.008 
  -0.084 
   0.049 
  -0.093 
  -0.111 
   0.167 
   0.137 
  -0.119 
  -0.064 
   0.054 
   0.080 
  -0.074 
  -0.036 
  -0.060 
  -0.044 
   0.020 
  -0.040 
   0.303 
   0.101 
   0.094 
   0.140 
  -0.121 
  -0.024 
   0.091 
   0.051 
  -0.062 
   0.041 
   0.168 
   0.046 
   0.027 
   0.083 
  -0.028 
  -0.026 
  -0.031 
  -0.011 
  -0.014 
  -0.155 
   0.043 
  -0.094 
  -0.154 
   0.149 
   0.332 
  -0.107 
  -0.124 
  -0.057 
  -0.255 
  -0.189 
  -0.124 
  -0.115 
  -0.041 
  -0.089 
   0.449 
   0.310 
   0.057 
  -0.132 
  -0.014 
  -0.022 
  -0.069 
  -0.214 
  -0.131 
  -0.097 
  -0.011 
  -0.106 
   0.003 
   0.104 
   0.319 
   0.119 
   0.075 
   0.086 
   0.039 
  -0.179 
   0.069 
   0.185 
  -0.034 
  -0.070 
  -0.143 
  -0.096 
   0.148 
   0.130 
   0.153 
  -0.053 
  -0.017 
  -0.015 
  -0.178 
  -0.080 
  -0.179 
  -0.071 
  -0.248 
   0.140 
   0.182 
   0.209 
  -0.157 
   0.003 
   0.186 
  -0.240 
   0.043 
   0.047 
   0.022 
   0.190 
  -0.030 
   0.121 
  -0.038 
  -0.056 
   0.015 
  -0.049 
   0.005 
   0.013 
   0.064 
  -0.081 
   0.083 
   0.073 
  -0.072 
  -0.075 
  -0.018 
  -0.072 
  -0.186 
   0.173 
   0.061 
  -0.044 
  -0.070 
   0.216 
   0.103 
   0.050 
   0.086 
  -0.111 
   0.035 
  -0.104 
   0.019 
   0.075 
  -0.037 
   0.037 
  -0.153 
  -0.255 
  -0.035 
   0.018 
   0.023 
   0.003 
   0.318 
   0.038 
   0.173 
  -0.045 
  -0.138 
   0.068 
  -0.021 
  -0.016 
  -0.059 
  -0.047 
   0.116 
   0.147 
   0.136 
   0.142 
  -0.064 
   0.216 
  -0.121 
   0.139 
  -0.074 
   0.225 
  -0.051 
  -0.028 
  -0.142 
  -0.152 
  -0.066 
  -0.220 
  -0.173 
   0.527 
   0.095 
   0.067 
  -0.004 
  -0.037 
  -0.148 
   0.128 
   0.058 
  -0.049 
  -0.068 
   0.147 
   0.007 
  -0.271 
  -0.287 
  -0.084 
  -0.091 
  -0.124 
   0.207 
   0.105 
   0.127 
   0.011 
  -0.237 
   0.060 
   0.127 
  -0.088 
   0.073 
  -0.209 
  -0.213 
  -0.275 
  -0.056 
  -0.240 
  -0.134 
   0.046 
  -0.260 
  -0.220 
  -0.010 
  -0.005 
  -0.051 
  -0.078 
  -0.018 
  -0.073 
   0.004 
  -0.244 
   0.079 
   0.021 
  -0.028 
  -0.157 
   0.023 
   0.027 
   0.013 
   0.011 
  -0.094 
  -0.004 
   0.027 
   0.021 
  -0.021 
   0.062 
  -0.048 
   0.177 
  -0.127 
   0.033 
  -0.004 
   0.044 
   0.095 
   0.433 
   0.119 
  -0.144 
  -0.039 
  -0.027 
  -0.057 
  -0.014 
   0.060 
  -0.241 
  -0.052 
   0.064 
   0.022 
  -0.025 
   0.176 
  -0.007 
   0.006 
  -0.034 
  -0.090 
  -0.144 
  -0.027 
  -0.162 
  -0.087 
   0.210 
   0.128 
  -0.037 
  -0.061 
  -0.057 
   0.086 
   0.120 
  -0.104 
   0.062 
   0.135 
   0.046 
  -0.011 
  -0.023 
  -0.031 
  -0.013 
  -0.075 
  -0.008 
  -0.158 
   0.169 
  -0.010 
  -0.141 
  -0.117 
   0.038 
  -0.106 
  -0.076 
   0.327 
  -0.225 
  -0.128 
  -0.041 
  -0.102 
   0.022 
   0.126 
   0.294 
   0.146 
   0.137 
  -0.302 
  -0.069 
   0.069 
   0.060 
   0.058 
  -0.067 
  -0.063 
   0.152 
   0.266 
   0.265 
  -0.161 
   0.375 
  -0.139 
  -0.109 
   0.193 
   0.127 
   0.010 
   0.169 
   0.358 
   0.361 
  -0.042 
   0.010 
   0.105 
  -0.240 
   0.150 
   0.180 
   0.045 
  -0.057 
   0.109 
   0.185 
   0.302 
  -0.083 
   0.170 
  -0.091 
  -0.187 
  -0.093 
   0.069 
   0.065 
  -0.001 
  -0.167 
  -0.068 
  -0.153 
   0.015 
  -0.113 
  -0.006 
  -0.063 
   0.071 
   0.030 
  -0.001 
  -0.214 
  -0.114 
   0.105 
  -0.013 
   0.058 
   0.144 
   0.086 
  -0.172 
  -0.051 
  -0.109 
  -0.139 
  -0.088 
   0.182 
  -0.114 
  -0.152 
  -0.053 
  -0.074 
   0.334 
   0.110 
   0.041 
   0.186 
   0.038 
  -0.077 
   0.008 
   0.150 
   0.299 
  -0.279 
  -0.251 
  -0.055 
  -0.070 
  -0.033 
  -0.001 
   0.102 
  -0.015 
   0.106 
   0.186 
   0.338 
  -0.229 
  -0.088 
   0.026 
  -0.062 
  -0.255 
   0.368 
  -0.062 
  -0.061 
   0.098 
   0.008 
  -0.003 
  -0.049 
   0.436 
  -0.122 
  -0.113 
  -0.060 
   0.055 
   0.037 
  -0.012 
  -0.001 
   0.264 
   0.104 
  -0.102 
  -0.032 
  -0.142 
   0.419 
   0.285 
  -0.053 
  -0.114 
   0.089 
   0.193 
   0.149 
   0.084 
   0.279 
  -0.097 
  -0.131 
   0.044 
  -0.133 
  -0.010 
  -0.121 
   0.116 
  -0.171 
   0.290 
  -0.189 
  -0.054 
   0.104 
  -0.094 
   0.087 
  -0.201 
   0.029 
   0.176 
  -0.173 
   0.049 
   0.024 
  -0.068 
   0.119 
  -0.002 
   0.270 
   0.123 
   0.027 
   0.378 
  -0.097 
  -0.023 
  -0.030 
  -0.014 
   0.080 
   0.069 
  -0.129 
   0.180 
   0.058 
   0.164 
   0.088 
  -0.126 
  -0.081 
  -0.059 
  -0.017 
  -0.160 
  -0.128 
  -0.155 
  -0.064 
  -0.134 
  -0.192 
  -0.126 
  -0.143 
  -0.120 
   0.138 
   0.073 
  -0.111 
  -0.098 
   0.016 
   0.044 
   0.042 
  -0.002 
   0.160 
   0.339 
   0.018 
   0.040 
   0.058 
   0.127 
  -0.054 
   0.279 
   0.092 
   0.013 
   0.106 
   0.001 
  -0.030 
   0.058 
   0.028 
   0.292 
  -0.038 
   0.181 
   0.052 
  -0.084 
  -0.065 
  -0.053 
   0.030 
   0.124 
  -0.250 
   0.060 
  -0.033 
  -0.268 
  -0.157 
   0.296 
  -0.044 
  -0.194 
  -0.106 
  -0.126 
  -0.029 
  -0.170 
  -0.156 
  -0.095 
  -0.029 
  -0.021 
  -0.028 
   0.017 
  -0.057 
   0.043 
   0.339 
  -0.060 
  -0.006 
  -0.081 
  -0.069 
  -0.018 
   0.064 
   0.056 
   0.003 
  -0.045 
  -0.035 
  -0.031 
   0.187 
   0.023 
  -0.141 
   0.112 
   0.055 
   0.028 
   0.165 
   0.076 
   0.129 
  -0.016 
  -0.032 
   0.455 
   0.007 
  -0.083 
   0.053 
  -0.021 
  -0.194 
  -0.121 
  -0.215 
  -0.052 
   0.065 
  -0.017 
   0.116 
   0.059 
   0.062 
  -0.090 
  -0.111 
   0.044 
   0.379 
  -0.144 
  -0.073 
  -0.055 
  -0.128 
   0.020 
  -0.211 
  -0.166 
  -0.037 
  -0.270 
  -0.083 
   0.020 
  -0.028 
  -0.058 
  -0.234 
  -0.218 
   0.013 
  -0.248 
   0.086 
   0.530 
   0.297 
   0.164 
   0.173 
   0.003 
  -0.069 
   0.240 
  -0.038 
   0.130 
   0.192 
  -0.040 
  -0.015 
   0.015 
  -0.108 
  -0.097 
  -0.103 
  -0.068 
  -0.158 
  -0.112 
  -0.021 
   0.056 
   0.153 
   0.019 
   0.190 
   0.314 
  -0.255 
  -0.228 
  -0.049 
   0.170 
   0.030 
   0.132 
   0.064 
   0.007 
   0.068 
   0.020 
  -0.079 
  -0.141 
   0.164 
   0.152 
   0.310 
   0.168 
   0.046 
  -0.003 
   0.134 
   0.120 
   0.021 
  -0.142 
  -0.082 
   0.308 
  -0.027 
  -0.033 
  -0.015 
  -0.046 
  -0.074 
   0.036 
  -0.022 
  -0.018 
  -0.018 
  -0.171 
  -0.117 
  -0.148 
   0.277 
  -0.109 
   0.010 
   0.004 
  -0.028 
   0.005 
   0.234 
   0.000 
   0.316 
   0.066 
   0.060 
   0.162 
  -0.042 
  -0.026 
  -0.036 
  -0.104 
  -0.047 
  -0.193 
   0.122 
  -0.120 
  -0.127 
  -0.095 
   0.107 
  -0.235 
   0.057 
  -0.158 
   0.089 
   0.169 
   0.028 
   0.048 
  -0.081 
  -0.083 
  -0.126 
   0.036 
  -0.090 
  -0.012 
  -0.232 
  -0.227 
  -0.113 
  -0.174 
  -0.035 
  -0.124 
   0.144 
   0.373 
   0.073 
  -0.094 
  -0.109 
  -0.129 
  -0.038 
  -0.081 
  -0.009 
   0.082 
   0.113 
   0.125 
   0.017 
  -0.094 
   0.393 
   0.092 
   0.190 
  -0.213 
  -0.004 
  -0.043 
  -0.078 
  -0.028 
   0.430 
  -0.173 
   0.003 
  -0.024 
   0.065 
  -0.191 
   0.133 
   0.099 
   0.098 
  -0.085 
  -0.030 
  -0.046 
  -0.074 
  -0.085 
  -0.102 
  -0.016 
   0.004 
  -0.158 
   0.045 
  -0.066 
  -0.063 
   0.139 
   0.002 
   0.001 
   0.026 
   0.020 
  -0.144 
  -0.013 
  -0.107 
  -0.059 
   0.025 
   0.038 
   0.038 
  -0.077 
   0.086 
   0.001 
  -0.140 
  -0.104 
  -0.046 
   0.208 
   0.078 
   0.296 
  -0.066 
  -0.110 
  -0.075 
   0.139 
   0.121 
   0.186 
   0.117 
   0.099 
   0.037 
   0.092 
  -0.073 
   0.131 
  -0.202 
  -0.157 
  -0.238 
  -0.030 
   0.050 
   0.004 
   0.159 
   0.070 
   0.043 
   0.154 
   0.413 
   0.113 
   0.279 
   0.177 
   0.088 
  -0.028 
   0.075 
   0.053 
  -0.092 
  -0.044 
  -0.026 
   0.378 
   0.351 
   0.015 
   0.125 
   0.280 
   0.128 
   0.018 
   0.018 
   0.126 
   0.135 
  -0.103 
   0.134 
   0.333 
   0.432 
  -0.000 
   0.051 
  -0.027 
  -0.001 
   0.113 
   0.209 
   0.149 
   0.045 
   0.121 
  -0.043 
  -0.028 
  -0.089 
   0.033 
  -0.108 
   0.005 
   0.022 
  -0.247 
   0.001 
  -0.006 
   0.096 
   0.021 
  -0.195 
  -0.250 
  -0.039 
   0.138 
   0.112 
   0.020 
  -0.097 
   0.089 
  -0.109 
  -0.223 
  -0.029 
   0.172 
   0.211 
   0.267 
   0.202 
   0.203 
  -0.005 
   0.073 
   0.079 
   0.093 
  -0.025 
   0.031 
  -0.027 
  -0.064 
  -0.063 
  -0.054 
  -0.111 
  -0.123 
   0.012 
   0.352 
   0.135 
   0.058 
   0.044 
  -0.130 
   0.336 
  -0.142 
  -0.064 
   0.006 
  -0.039 
   0.116 
  -0.145 
   0.313 
   0.182 
   0.074 
  -0.026 
  -0.004 
   0.107 
  -0.137 
   0.182 
  -0.216 
   0.087 
   0.035 
   0.033 
  -0.040 
   0.236 
   0.147 
   0.119 
  -0.053 
   0.198 
   0.279 
  -0.080 
   0.157 
   0.083 
   0.098 
  -0.004 
   0.108 
  -0.130 
   0.134 
  -0.036 
  -0.018 
   0.012 
  -0.009 
  -0.127 
  -0.048 
  -0.142 
   0.043 
  -0.035 
   0.035 
   0.258 
  -0.229 
  -0.009 
  -0.123 
   0.070 
   0.088 
  -0.048 
  -0.242 
  -0.231 
  -0.029 
  -0.003 
   0.238 
  -0.023 
  -0.027 
  -0.108 
  -0.024 
  -0.013 
  -0.076 
   0.051 
   0.334 
  -0.063 
  -0.175 
   0.028 
   0.139 
  -0.104 
  -0.101 
  -0.073 
   0.031 
  -0.061 
   0.105 
   0.067 
   0.024 
  -0.047 
  -0.016 
  -0.019 
  -0.057 
  -0.064 
   0.021 
  -0.079 
  -0.147 
   0.073 
  -0.117 
   0.018 
   0.131 
  -0.218 
  -0.243 
  -0.103 
   0.029 
   0.085 
   0.157 
  -0.079 
  -0.036 
   0.080 
   0.018 
  -0.144 
  -0.017 
   0.134 
   0.121 
   0.006 
  -0.099 
  -0.090 
  -0.043 
   0.299 
   0.108 
  -0.003 
  -0.137 
  -0.027 
  -0.136 
   0.069 
   0.113 
   0.419 
   0.503 
  -0.104 
  -0.017 
  -0.224 
  -0.078 
  -0.080 
   0.026 
   0.041 
   0.046 
  -0.052 
   0.062 
   0.073 
   0.059 
   0.190 
  -0.202 
  -0.186 
   0.003 
  -0.068 
  -0.288 
  -0.143 
  -0.003 
  -0.314 
  -0.252 
   0.069 
  -0.088 
  -0.086 
  -0.147 
  -0.012 
   0.114 
   0.114 
  -0.093 
  -0.112 
  -0.139 
  -0.153 
  -0.061 
   0.040 
  -0.083 
  -0.235 
  -0.121 
   0.018 
   0.157 
  -0.028 
   0.115 
   0.032 
   0.090 
   0.103 
  -0.010 
   0.145 
   0.164 
  -0.041 
  -0.021 
   0.021 
  -0.011 
   0.109 
   0.184 
  -0.312 
  -0.010 
   0.016 
   0.089 
   0.075 
   0.065 
   0.500 
   0.151 
   0.207 
  -0.022 
   0.310 
   0.093 
   0.056 
   0.082 
   0.095 
  -0.046 
   0.161 
   0.151 
  -0.045 
  -0.042 
   0.542 
   0.400 
  -0.069 
  -0.156 
  -0.075 
  -0.036 
  -0.046 
   0.139 
  -0.031 
   0.029 
   0.128 
  -0.047 
  -0.135 
  -0.228 
   0.049 
  -0.047 
  -0.098 
  -0.022 
   0.002 
  -0.083 
   0.222 
   0.061 
   0.078 
   0.064 
  -0.124 
  -0.117 
  -0.081 
   0.140 
   0.121 
   0.017 
  -0.104 
  -0.068 
  -0.060 
   0.120 
   0.036 
   0.005 
   0.101 
   0.014 
   0.006 
   0.084 
   0.148 
   0.068 
   0.002 
   0.033 
   0.161 
   0.029 
  -0.274 
   0.123 
   0.092 
   0.134 
   0.031 
   0.183 
   0.186 
  -0.264 
   0.443 
   0.054 
   0.053 
   0.050 
   0.151 
  -0.078 
   0.026 
   0.022 
  -0.030 
   0.170 
  -0.037 
   0.120 
   0.013 
  -0.011 
  -0.113 
  -0.168 
  -0.049 
   0.055 
  -0.046 
   0.072 
   0.074 
   0.020 
   0.035 
   0.150 
  -0.041 
  -0.017 
   0.040 
   0.076 
   0.042 
   0.261 
   0.002 
   0.206 
   0.130 
   0.207 
   0.226 
  -0.061 
   0.109 
   0.411 
  -0.090 
  -0.003 
  -0.259 
   0.029 
  -0.035 
   0.231 
  -0.007 
   0.351 
  -0.018 
   0.050 
  -0.057 
  -0.012 
  -0.104 
  -0.033 
  -0.071 
   0.513 
   0.305 
  -0.101 
   0.038 
  -0.068 
  -0.153 
   0.085 
   0.020 
  -0.282 
  -0.281 
   0.002 
  -0.137 
   0.030 
  -0.202 
  -0.099 
  -0.002 
   0.322 
   0.220 
  -0.103 
  -0.217 
   0.066 
  -0.122 
   0.062 
   0.073 
   0.119 
   0.198 
  -0.142 
  -0.161 
  -0.033 
   0.320 
   0.097 
   0.066 
  -0.017 
   0.010 
   0.052 
   0.073 
   0.063 
   0.050 
   0.140 
  -0.083 
  -0.116 
   0.051 
  -0.007 
  -0.110 
  -0.008 
  -0.008 
  -0.066 
   0.214 
   0.272 
   0.190 
   0.058 
   0.143 
   0.154 
   0.118 
  -0.027 
  -0.064 
  -0.129 
  -0.079 
   0.147 
   0.010 
  -0.121 
  -0.056 
   0.014 
  -0.012 
  -0.049 
   0.165 
   0.089 
  -0.102 
   0.078 
  -0.125 
   0.001 
   0.080 
  -0.304 
   0.146 
   0.027 
  -0.130 
   0.093 
   0.324 
  -0.077 
   0.063 
   0.127 
   0.148 
  -0.095 
  -0.289 
  -0.160 
  -0.191 
  -0.087 
  -0.205 
  -0.087 
   0.091 
  -0.106 
  -0.034 
   0.208 
  -0.088 
  -0.090 
  -0.099 
   0.119 
  -0.013 
  -0.054 
  -0.011 
  -0.165 
  -0.103 
   0.113 
   0.100 
   0.192 
   0.007 
  -0.056 
   0.068 
  -0.032 
  -0.202 
  -0.052 
  -0.175 
   0.113 
   0.069 
  -0.039 
  -0.065 
  -0.173 
   0.173 
   0.455 
   0.332 
  -0.122 
   0.070 
   0.142 
  -0.257 
   0.249 
   0.265 
   0.306 
   0.251 
   0.257 
   0.004 
  -0.039 
   0.138 
   0.055 
  -0.086 
   0.137 
   0.031 
  -0.074 
   0.359 
   0.141 
   0.009 
  -0.087 
   0.425 
  -0.104 
  -0.052 
  -0.175 
   0.246 
  -0.080 
   0.014 
   0.140 
  -0.089 
   0.184 
   0.017 
   0.386 
  -0.055 
  -0.020 
  -0.060 
  -0.000 
  -0.008 
   0.000 
  -0.022 
   0.008 
  -0.165 
   0.089 
  -0.176 
   0.169 
  -0.103 
  -0.129 
   0.181 
   0.028 
   0.179 
  -0.228 
   0.053 
   0.035 
   0.057 
   0.080 
   0.091 
  -0.140 
  -0.034 
  -0.014 
   0.057 
  -0.025 
   0.034 
   0.027 
   0.041 
   0.047 
  -0.202 
   0.320 
  -0.251 
   0.015 
   0.125 
   0.084 
   0.043 
   0.101 
  -0.007 
   0.022 
  -0.002 
   0.099 
  -0.063 
   0.069 
  -0.040 
   0.024 
  -0.026 
  -0.094 
   0.020 
   0.081 
   0.049 
   0.097 
  -0.061 
   0.094 
   0.010 
   0.046 
  -0.132 
  -0.026 
   0.031 
   0.044 
   0.017 
   0.110 
   0.077 
  -0.126 
   0.078 
   0.104 
   0.000 
   0.055 
  -0.061 
   0.154 
   0.084 
  -0.076 
  -0.054 
  -0.087 
  -0.215 
  -0.110 
   0.029 
  -0.042 
   0.047 
   0.145 
   0.170 
  -0.080 
  -0.126 
   0.066 
   0.034 
   0.080 
  -0.065 
  -0.019 
   0.220 
   0.316 
   0.001 
   0.181 
   0.088 
   0.137 
  -0.297 
   0.095 
  -0.087 
   0.017 
   0.302 
   0.060 
  -0.038 
  -0.028 
  -0.059 
  -0.167 
  -0.055 
  -0.068 
   0.242 
  -0.050 
  -0.111 
  -0.029 
   0.081 
  -0.083 
  -0.132 
   0.003 
  -0.087 
   0.013 
   0.143 
   0.228 
   0.089 
   0.018 
   0.092 
  -0.060 
  -0.066 
   0.171 
  -0.057 
   0.019 
   0.007 
  -0.188 
   0.021 
  -0.020 
   0.326 
  -0.070 
  -0.209 
  -0.088 
   0.035 
   0.040 
  -0.035 
  -0.054 
  -0.110 
   0.109 
  -0.011 
   0.237 
  -0.176 
   0.158 
   0.114 
   0.021 
  -0.120 
   0.042 
   0.289 
  -0.020 
  -0.096 
   0.035 
  -0.060 
   0.013 
  -0.031 
  -0.129 
  -0.162 
   0.173 
  -0.193 
   0.046 
  -0.044 
  -0.178 
  -0.191 
  -0.012 
   0.146 
  -0.017 
   0.050 
   0.049 
  -0.056 
   0.195 
   0.224 
  -0.281 
   0.068 
  -0.021 
   0.014 
  -0.210 
   0.034 
  -0.090 
  -0.023 
  -0.174 
   0.183 
   0.066 
  -0.106 
  -0.156 
  -0.169 
  -0.023 
   0.116 
   0.042 
   0.006 
   0.059 
   0.139 
   0.229 
  -0.125 
  -0.268 
   0.142 
  -0.044 
   0.100 
  -0.062 
   0.013 
   0.088 
   0.052 
   0.193 
   0.321 
   0.280 
   0.365 
   0.060 
   0.039 
  -0.017 
   0.084 
  -0.042 
   0.003 
  -0.081 
   0.098 
   0.027 
  -0.019 
   0.007 
  -0.015 
   0.009 
   0.090 
  -0.018 
  -0.073 
  -0.069 
   0.014 
  -0.102 
  -0.011 
  -0.056 
  -0.030 
   0.044 
   0.130 
  -0.031 
   0.052 
   0.104 
   0.063 
   0.037 
   0.081 
   0.099 
  -0.028 
  -0.069 
   0.299 
  -0.038 
   0.055 
  -0.113 
   0.010 
   0.032 
  -0.055 
   0.018 
  -0.095 
  -0.055 
   0.066 
   0.087 
   0.046 
   0.007 
  -0.039 
  -0.023 
   0.463 
   0.319 
  -0.026 
  -0.168 
  -0.116 
   0.035 
   0.095 
  -0.021 
  -0.129 
   0.182 
  -0.032 
   0.004 
  -0.213 
  -0.139 
  -0.189 
  -0.004 
  -0.104 
  -0.140 
   0.012 
   0.014 
   0.075 
   0.077 
   0.118 
   0.085 
   0.134 
   0.093 
  -0.105 
  -0.026 
  -0.210 
   0.092 
  -0.005 
   0.061 
  -0.063 
  -0.087 
  -0.056 
   0.404 
   0.310 
   0.116 
  -0.081 
   0.141 
   0.377 
  -0.082 
   0.424 
  -0.048 
  -0.190 
   0.094 
  -0.124 
   0.023 
  -0.052 
   0.038 
   0.081 
   0.098 
   0.043 
  -0.195 
   0.209 
  -0.120 
   0.187 
   0.173 
  -0.012 
  -0.085 
   0.045 
  -0.149 
   0.129 
   0.286 
  -0.055 
   0.034 
  -0.110 
  -0.113 
  -0.066 
  -0.023 
  -0.209 
   0.042 
  -0.020 
  -0.006 
  -0.113 
   0.207 
  -0.064 
  -0.099 
  -0.071 
  -0.067 
  -0.202 
  -0.190 
   0.027 
  -0.094 
  -0.055 
  -0.060 
  -0.025 
  -0.086 
   0.097 
   0.128 
  -0.250 
  -0.004 
  -0.055 
   0.129 
   0.178 
  -0.136 
   0.189 
   0.085 
   0.023 
   0.009 
  -0.010 
   0.115 
   0.004 
   0.155 
   0.041 
   0.083 
   0.030 
  -0.019 
   0.024 
   0.222 
  -0.284 
   0.080 
   0.221 
  -0.079 
   0.207 
   0.088 
   0.030 
   0.099 
  -0.109 
  -0.011 
   0.016 
   0.001 
   0.114 
   0.135 
   0.316 
   0.281 
  -0.151 
  -0.157 
  -0.255 
  -0.167 
   0.013 
   0.411 
   0.006 
  -0.107 
  -0.243 
  -0.091 
   0.003 
   0.058 
   0.059 
   0.109 
   0.001 
  -0.003 
  -0.083 
   0.011 
  -0.023 
  -0.056 
  -0.146 
  -0.080 
  -0.039 
   0.093 
  -0.115 
  -0.046 
   0.088 
   0.294 
   0.378 
  -0.075 
   0.466 
  -0.029 
   0.034 
  -0.007 
  -0.106 
   0.058 
  -0.026 
   0.172 
   0.509 
  -0.199 
   0.419 
  -0.174 
   0.041 
   0.016 
   0.118 
  -0.059 
  -0.039 
  -0.033 
   0.139 
   0.369 
  -0.059 
   0.042 
   0.007 
  -0.162 
   0.017 
   0.215 
  -0.023 
  -0.117 
  -0.040 
  -0.127 
   0.255 
   0.120 
   0.027 
   0.021 
  -0.004 
  -0.170 
  -0.149 
   0.039 
  -0.233 
   0.140 
   0.323 
   0.348 
   0.040 
   0.015 
  -0.044 
   0.027 
   0.071 
   0.059 
   0.016 
   0.447 
   0.174 
  -0.088 
  -0.045 
   0.070 
   0.130 
   0.030 
  -0.026 
  -0.164 
  -0.229 
   0.289 
  -0.076 
  -0.091 
  -0.015 
  -0.067 
  -0.027 
   0.059 
   0.273 
  -0.110 
  -0.078 
   0.044 
  -0.093 
  -0.213 
   0.103 
   0.043 
   0.086 
   0.016 
   0.034 
  -0.165 
  -0.080 
  -0.162 
  -0.019 
  -0.190 
   0.167 
   0.065 
   0.016 
   0.135 
  -0.001 
   0.002 
   0.093 
  -0.034 
   0.245 
   0.009 
  -0.159 
  -0.056 
  -0.110 
   0.060 
  -0.028 
   0.331 
   0.064 
   0.046 
  -0.203 
  -0.163 
   0.034 
  -0.093 
  -0.077 
  -0.043 
  -0.020 
  -0.032 
  -0.087 
   0.229 
   0.200 
  -0.051 
   0.208 
   0.053 
  -0.223 
   0.342 
  -0.164 
  -0.117 
  -0.076 
   0.018 
   0.209 
  -0.059 
   0.027 
   0.269 
   0.051 
  -0.106 
   0.188 
   0.006 
   0.044 
   0.058 
   0.089 
  -0.228 
  -0.246 
   0.075 
  -0.019 
   0.164 
   0.070 
  -0.023 
  -0.049 
  -0.151 
   0.051 
   0.023 
   0.249 
   0.092 
  -0.031 
   0.005 
   0.378 
   0.120 
  -0.079 
  -0.094 
   0.027 
   0.042 
   0.012 
   0.056 
   0.008 
  -0.047 
   0.207 
  -0.028 
  -0.043 
  -0.164 
   0.029 
   0.261 
  -0.089 
   0.264 
   0.075 
  -0.112 
  -0.112 
  -0.050 
  -0.100 
  -0.008 
  -0.105 
   0.175 
  -0.035 
   0.178 
  -0.314 
   0.082 
   0.545 
  -0.302 
   0.120 
  -0.049 
   0.072 
  -0.110 
  -0.058 
  -0.021 
  -0.160 
  -0.111 
  -0.071 
   0.026 
   0.038 
  -0.032 
   0.031 
  -0.063 
  -0.034 
   0.160 
   0.084 
   0.089 
   0.041 
   0.040 
  -0.047 
   0.051 
   0.032 
   0.065 
   0.116 
  -0.070 
  -0.012 
  -0.034 
  -0.152 
   0.043 
   0.280 
   0.076 
  -0.030 
  -0.019 
  -0.124 
   0.131 
   0.127 
   0.426 
   0.477 
   0.546 
  -0.179 
   0.228 
  -0.084 
   0.129 
   0.363 
  -0.002 
   0.124 
   0.015 
   0.230 
  -0.158 
  -0.065 
  -0.167 
  -0.009 
   0.058 
  -0.057 
   0.001 
  -0.018 
   0.071 
   0.011 
  -0.051 
   0.079 
   0.038 
  -0.099 
  -0.077 
  -0.014 
   0.116 
  -0.002 
   0.043 
   0.060 
   0.062 
   0.142 
  -0.050 
   0.046 
  -0.087 
   0.147 
   0.011 
  -0.063 
  -0.028 
   0.000 
   0.108 
  -0.089 
  -0.036 
  -0.231 
  -0.086 
  -0.049 
  -0.045 
  -0.007 
  -0.133 
  -0.198 
   0.039 
  -0.066 
   0.059 
  -0.187 
   0.192 
  -0.013 
   0.448 
  -0.173 
  -0.210 
  -0.058 
   0.099 
  -0.010 
   0.002 
   0.024 
   0.042 
   0.220 
  -0.048 
  -0.035 
   0.201 
   0.244 
  -0.130 
   0.050 
   0.024 
   0.010 
  -0.130 
   0.038 
  -0.157 
  -0.096 
   0.047 
  -0.123 
  -0.044 
   0.040 
  -0.041 
  -0.171 
   0.057 
  -0.020 
   0.005 
   0.024 
  -0.145 
   0.084 
   0.091 
  -0.287 
   0.100 
  -0.089 
   0.015 
  -0.061 
   0.027 
  -0.018 
  -0.074 
  -0.135 
  -0.048 
   0.072 
  -0.048 
  -0.106 
  -0.062 
  -0.002 
  -0.019 
  -0.268 
   0.105 
   0.391 
   0.020 
   0.010 
  -0.015 
   0.024 
   0.029 
  -0.061 
   0.118 
   0.486 
  -0.063 
   0.061 
  -0.037 
  -0.001 
  -0.116 
   0.026 
   0.013 
   0.033 
  -0.088 
  -0.048 
  -0.169 
   0.098 
  -0.004 
   0.070 
   0.035 
  -0.171 
  -0.196 
  -0.002 
  -0.047 
   0.026 
  -0.128 
  -0.063 
  -0.055 
   0.055 
   0.328 
   0.204 
   0.110 
  -0.181 
  -0.276 
  -0.026 
  -0.120 
   0.210 
  -0.105 
  -0.099 
  -0.069 
  -0.078 
  -0.264 
   0.109 
  -0.020 
   0.024 
   0.045 
  -0.026 
   0.057 
   0.221 
  -0.215 
  -0.195 
  -0.152 
  -0.022 
   0.013 
   0.031 
  -0.148 
  -0.226 
   0.001 
  -0.143 
  -0.112 
  -0.118 
   0.066 
   0.090 
   0.194 
   0.121 
  -0.141 
  -0.066 
   0.022 
  -0.019 
  -0.011 
   0.111 
  -0.071 
   0.277 
   0.214 
   0.352 
   0.231 
  -0.099 
   0.109 
   0.158 
  -0.126 
   0.110 
  -0.082 
  -0.071 
  -0.012 
  -0.014 
  -0.088 
   0.070 
   0.001 
  -0.121 
  -0.027 
   0.021 
   0.136 
  -0.032 
   0.050 
   0.202 
   0.049 
   0.092 
  -0.238 
   0.163 
   0.066 
  -0.168 
   0.106 
  -0.108 
   0.017 
  -0.291 
  -0.048 
   0.143 
  -0.058 
  -0.108 
   0.237 
   0.007 
   0.141 
   0.394 
   0.008 
   0.428 
  -0.065 
   0.093 
   0.001 
   0.242 
   0.024 
  -0.004 
  -0.049 
   0.026 
  -0.039 
   0.265 
   0.088 
   0.052 
  -0.146 
  -0.105 
   0.083 
  -0.055 
   0.037 
   0.051 
   0.043 
  -0.108 
   0.022 
   0.015 
  -0.053 
   0.194 
   0.313 
  -0.086 
  -0.108 
  -0.137 
  -0.178 
  -0.034 
  -0.055 
   0.014 
   0.072 
   0.226 
  -0.120 
  -0.118 
   0.167 
  -0.014 
   0.051 
  -0.012 
   0.319 
  -0.035 
   0.041 
  -0.204 
  -0.293 
  -0.095 
  -0.101 
  -0.241 
   0.018 
  -0.080 
  -0.072 
   0.037 
  -0.241 
  -0.251 
   0.026 
   0.091 
  -0.022 
   0.008 
  -0.273 
   0.009 
  -0.053 
  -0.028 
   0.002 
  -0.149 
   0.204 
   0.223 
   0.093 
   0.160 
   0.018 
   0.111 
  -0.076 
  -0.134 
   0.217 
   0.222 
   0.161 
   0.045 
  -0.031 
  -0.125 
  -0.095 
  -0.105 
  -0.084 
  -0.083 
  -0.311 
  -0.204 
   0.007 
  -0.144 
   0.151 
  -0.032 
  -0.044 
   0.071 
   0.058 
  -0.017 
   0.310 
  -0.036 
  -0.025 
  -0.025 
  -0.243 
  -0.179 
  -0.226 
  -0.014 
   0.086 
  -0.204 
  -0.041 
   0.061 
   0.007 
   0.149 
   0.005 
   0.095 
  -0.082 
  -0.105 
  -0.133 
  -0.102 
   0.175 
  -0.099 
   0.032 
  -0.206 
  -0.057 
  -0.225 
  -0.166 
  -0.060 
   0.097 
   0.050 
   0.044 
  -0.234 
  -0.086 
  -0.166 
  -0.063 
  -0.188 
   0.023 
  -0.207 
  -0.032 
  -0.024 
  -0.117 
  -0.114 
   0.173 
   0.044 
   0.157 
   0.183 
  -0.084 
   0.217 
  -0.189 
   0.131 
  -0.182 
   0.095 
   0.087 
  -0.098 
  -0.070 
