   0.183 
  -0.065 
   0.076 
   0.168 
  -0.137 
   0.111 
  -0.059 
  -0.011 
  -0.214 
   0.043 
  -0.460 
  -0.071 
  -0.031 
   0.997 
  -0.804 
  -0.086 
   0.054 
  -0.171 
  -0.251 
   0.314 
   0.124 
  -0.221 
   0.358 
   2.208 
  -0.070 
  -0.042 
   0.011 
   0.088 
  -0.084 
   0.090 
   0.102 
  -0.085 
  -0.192 
   0.274 
   0.372 
   0.324 
  -0.161 
  -0.267 
   0.396 
  -0.072 
  -0.000 
  -0.128 
  -0.661 
   0.565 
  -0.037 
   0.110 
  -0.157 
   0.314 
  -0.327 
  -0.303 
  -0.138 
   0.011 
   1.069 
  -0.977 
   0.017 
   0.127 
  -0.209 
   0.606 
  -0.597 
   0.103 
   0.196 
  -0.262 
  -0.441 
   0.458 
   0.014 
   0.211 
  -0.268 
  -0.079 
   0.212 
  -0.080 
  -0.069 
   0.039 
   0.041 
  -0.077 
  -0.168 
  -0.055 
   0.122 
   1.444 
  -1.323 
   0.273 
  -0.037 
   0.059 
   0.371 
  -0.410 
  -0.142 
  -0.219 
   0.092 
   0.232 
  -0.388 
   0.098 
  -0.026 
  -0.004 
  -0.524 
   0.416 
   0.189 
  -0.027 
   0.071 
   0.065 
  -0.175 
  -0.036 
   0.012 
  -0.134 
  -1.037 
   0.901 
  -0.183 
  -0.079 
   0.081 
   0.653 
  -0.547 
   0.068 
   0.091 
  -0.190 
  -0.251 
   0.430 
   0.000 
  -0.084 
   0.044 
   0.591 
  -0.562 
  -0.071 
  -0.037 
   0.051 
   0.399 
  -0.334 
  -0.042 
  -0.073 
   0.049 
   0.219 
  -0.248 
   0.279 
   0.053 
  -0.196 
  -0.322 
   0.447 
  -0.116 
   0.024 
  -0.218 
   1.894 
   0.110 
   0.013 
   0.039 
  -0.152 
   0.151 
   0.159 
  -0.014 
   0.014 
  -0.135 
   0.082 
  -0.068 
   0.121 
  -0.076 
   0.099 
  -0.062 
   0.116 
  -0.084 
  -0.017 
  -0.042 
  -0.097 
   0.067 
  -0.078 
  -0.145 
   1.063 
  -1.136 
  -0.058 
   0.111 
  -0.047 
  -0.016 
   0.096 
   0.274 
  -0.020 
  -0.003 
  -0.979 
   0.839 
   0.052 
   0.053 
  -0.166 
  -0.398 
   0.403 
  -0.198 
  -0.186 
   0.150 
   0.414 
  -0.531 
   0.052 
   0.073 
  -0.163 
  -0.456 
   0.504 
   0.093 
   0.092 
  -0.218 
  -0.822 
   0.777 
  -0.038 
   0.180 
  -0.210 
   1.046 
  -0.781 
   0.260 
   0.152 
   0.025 
  -0.034 
   0.165 
   0.162 
   0.286 
  -0.258 
   0.280 
  -0.220 
   0.371 
   0.203 
  -0.124 
   0.177 
  -0.090 
   0.023 
  -0.130 
   0.083 
   0.536 
  -0.606 
   0.410 
   0.170 
  -0.052 
  -0.461 
   0.492 
   0.158 
   0.197 
  -0.240 
  -1.239 
   1.145 
  -0.098 
  -0.036 
   0.093 
   0.979 
  -0.897 
  -0.143 
   0.352 
  -0.881 
   0.054 
  -0.054 
   0.025 
  -0.391 
   0.297 
   0.369 
   0.059 
  -0.046 
  -0.589 
   0.613 
   0.161 
  -0.124 
   0.110 
   0.273 
  -0.277 
   0.031 
   0.044 
  -0.159 
   0.253 
  -0.145 
   0.109 
   0.165 
  -0.059 
   0.575 
  -0.594 
   0.109 
   0.130 
  -0.061 
  -0.188 
   0.231 
   0.259 
  -0.075 
   0.230 
  -0.895 
   0.859 
  -0.013 
  -0.026 
  -0.216 
  -1.182 
   1.103 
  -0.032 
   0.114 
  -0.202 
   0.432 
  -0.481 
   0.047 
  -0.075 
   0.039 
  -0.401 
   0.273 
   0.190 
   0.027 
  -0.054 
   0.362 
  -0.269 
  -0.216 
   0.147 
  -0.260 
   0.251 
  -0.203 
  -0.156 
   0.001 
   0.137 
  -0.846 
   0.825 
   0.075 
  -0.026 
  -0.023 
   1.050 
  -0.998 
   0.084 
   0.016 
   0.060 
   0.146 
  -0.034 
   0.185 
   0.055 
   0.053 
   0.053 
   0.044 
  -0.103 
   0.028 
   0.012 
   1.179 
  -1.073 
  -0.023 
   0.203 
  -0.143 
   0.208 
  -0.115 
  -0.046 
  -0.019 
   0.040 
  -0.059 
   0.082 
   0.150 
  -0.092 
   0.184 
  -0.867 
   0.745 
   0.182 
  -0.098 
   0.104 
   0.210 
  -0.230 
  -0.087 
  -0.054 
   0.025 
   0.117 
  -0.116 
   0.211 
   0.201 
  -0.065 
   0.207 
  -0.084 
  -0.082 
   0.173 
  -0.030 
   1.631 
  -1.432 
  -0.092 
   0.100 
  -0.173 
  -0.194 
   0.352 
  -0.000 
  -0.072 
   0.126 
   0.254 
  -0.237 
  -0.329 
  -0.054 
  -0.007 
   0.752 
  -0.752 
   0.201 
  -0.084 
  -0.249 
   0.345 
  -0.250 
  -0.357 
  -0.018 
  -0.131 
   1.448 
  -1.318 
  -0.096 
  -0.150 
   0.256 
  -0.869 
   0.847 
  -0.012 
   0.020 
  -0.126 
   0.411 
  -0.489 
  -0.122 
  -0.132 
   0.113 
   0.165 
  -0.183 
  -0.083 
  -0.109 
   0.046 
  -0.039 
  -0.019 
   0.133 
   0.075 
  -0.050 
  -0.077 
   0.086 
   0.077 
   0.051 
   0.043 
   0.013 
  -0.013 
   0.023 
   0.097 
  -0.003 
  -0.065 
   0.047 
  -0.122 
   0.010 
   0.080 
   0.778 
  -0.752 
  -0.065 
   0.100 
  -0.078 
   0.197 
  -0.148 
   0.370 
  -0.029 
   0.088 
   0.279 
  -0.256 
  -0.133 
   0.602 
  -0.688 
   1.022 
  -0.942 
   0.040 
   0.072 
  -0.148 
  -0.738 
   0.689 
  -0.221 
  -0.155 
   0.154 
   0.636 
  -0.610 
  -0.066 
  -0.118 
   0.147 
   0.210 
  -0.219 
   0.047 
   0.033 
  -0.006 
  -0.328 
   0.260 
  -0.100 
  -0.028 
   0.001 
   0.324 
  -0.306 
   0.104 
   0.100 
  -0.041 
   0.202 
  -0.085 
  -0.004 
   0.061 
  -0.201 
  -1.141 
   1.031 
  -0.251 
  -0.010 
  -0.043 
   0.221 
  -0.206 
  -0.067 
   0.027 
  -0.050 
   0.260 
  -0.281 
  -0.084 
  -0.089 
   0.086 
   0.155 
  -0.029 
  -0.232 
   0.007 
  -0.114 
  -0.429 
   0.419 
   0.009 
   0.023 
  -0.065 
   1.575 
  -1.513 
   0.016 
  -0.031 
   0.032 
  -0.424 
   0.297 
   0.100 
  -0.028 
   0.120 
   0.106 
  -0.086 
   0.089 
   0.118 
  -0.022 
   1.491 
  -1.324 
   0.167 
  -0.131 
   0.137 
  -0.163 
   0.095 
  -0.070 
  -0.064 
   0.032 
   0.278 
  -0.283 
  -0.241 
  -0.301 
   0.333 
  -1.204 
   1.042 
  -0.303 
  -0.080 
   0.069 
   0.782 
  -0.624 
   0.053 
   0.031 
  -0.024 
   0.186 
  -0.122 
   0.090 
  -0.042 
   0.041 
  -0.056 
   0.064 
  -0.353 
   0.131 
  -0.286 
   2.115 
  -0.114 
   0.026 
  -0.181 
  -0.531 
   0.544 
  -0.380 
   0.041 
   0.030 
   1.287 
  -1.023 
   0.065 
  -0.038 
   0.111 
   0.188 
  -0.162 
  -0.192 
   0.130 
  -0.216 
   0.105 
   0.003 
  -0.300 
   0.987 
  -1.364 
  -0.134 
   0.032 
  -0.047 
   0.192 
  -0.174 
   0.164 
   0.046 
  -0.121 
  -0.789 
   0.728 
   0.148 
  -0.139 
   0.146 
   0.539 
  -0.490 
   0.043 
  -0.030 
  -0.087 
  -0.117 
   0.020 
   0.160 
  -0.057 
   0.024 
   0.006 
  -0.011 
   0.128 
   0.048 
  -0.027 
  -0.680 
   0.601 
  -0.047 
  -0.022 
  -0.009 
   0.189 
  -0.160 
   0.182 
  -0.044 
   0.097 
  -0.038 
   0.047 
  -0.171 
  -0.002 
  -0.194 
  -0.679 
   0.650 
  -0.102 
   0.067 
  -0.100 
   0.167 
  -0.138 
   0.060 
   0.054 
  -0.261 
  -0.325 
   0.335 
  -0.026 
   0.142 
  -0.138 
  -0.272 
   0.327 
   0.117 
  -0.096 
   0.031 
   0.397 
  -0.438 
  -0.056 
  -0.203 
   0.076 
   0.223 
  -0.302 
   0.184 
   0.095 
  -0.031 
   0.264 
  -0.196 
  -0.103 
   0.067 
  -0.147 
   0.721 
  -0.666 
   0.271 
  -0.049 
   0.006 
  -0.131 
   0.022 
   0.044 
   0.000 
  -0.170 
  -0.464 
   0.489 
  -0.207 
  -0.006 
   0.023 
   0.805 
  -0.672 
  -0.087 
   0.688 
  -1.021 
   0.211 
  -0.067 
   0.169 
   0.220 
  -0.184 
  -0.134 
   0.222 
  -0.361 
   0.662 
  -0.633 
  -0.002 
   0.048 
  -0.134 
  -0.059 
   0.112 
  -0.140 
   0.008 
  -0.067 
   0.180 
  -0.204 
  -0.287 
   0.312 
  -0.554 
   2.302 
   0.068 
   0.095 
  -0.074 
  -0.077 
   0.138 
   0.135 
   0.146 
  -0.033 
   0.793 
  -0.740 
  -0.164 
  -0.174 
   0.071 
   1.587 
  -1.496 
   0.032 
   0.011 
  -0.003 
   0.107 
  -0.071 
   0.038 
  -0.075 
   0.016 
  -0.142 
   0.065 
  -0.094 
  -0.012 
   0.058 
   0.130 
  -0.022 
  -0.038 
  -0.170 
   0.052 
   1.481 
  -1.454 
   0.009 
  -0.020 
   0.042 
   0.073 
  -0.067 
  -0.147 
   0.134 
  -0.304 
   0.225 
  -0.222 
   0.016 
   0.204 
  -0.062 
  -0.503 
   0.537 
  -0.220 
   0.016 
  -0.014 
   0.201 
  -0.013 
   0.012 
  -0.036 
   0.076 
  -1.100 
   0.995 
  -0.116 
  -0.036 
  -0.003 
  -0.157 
   0.142 
  -0.171 
  -0.075 
   0.070 
   0.958 
  -0.941 
  -0.144 
  -0.036 
   0.124 
  -0.153 
   0.200 
  -0.168 
   0.015 
  -0.123 
   0.383 
  -0.405 
   0.112 
   0.189 
  -0.315 
  -0.328 
   0.362 
  -0.110 
  -0.078 
   0.025 
   0.880 
  -0.883 
  -0.019 
  -0.123 
   0.142 
   0.063 
  -0.098 
  -0.104 
   0.640 
  -1.078 
  -0.128 
   0.042 
   0.070 
   0.769 
  -0.717 
  -0.213 
  -0.128 
   0.324 
   0.181 
  -0.204 
   0.049 
   0.290 
  -0.294 
  -0.783 
   0.726 
  -0.001 
  -0.285 
   0.138 
   1.168 
  -1.086 
   0.218 
  -0.133 
   0.119 
  -0.138 
   0.089 
   0.015 
  -0.086 
   0.087 
   0.839 
  -0.806 
  -0.043 
   0.147 
  -0.095 
   0.100 
   0.021 
  -0.041 
  -0.023 
   0.043 
  -0.757 
   0.722 
  -0.085 
   0.029 
   0.016 
   0.305 
  -0.245 
  -0.104 
  -0.041 
   0.053 
   0.568 
  -0.467 
  -0.337 
   0.278 
  -0.362 
   1.187 
  -0.901 
  -0.394 
  -0.051 
  -0.045 
   1.334 
  -1.176 
  -0.188 
   0.023 
  -0.163 
  -0.237 
   0.328 
  -0.347 
   0.471 
  -0.853 
   0.034 
   0.124 
  -0.189 
  -0.303 
   0.354 
  -0.319 
   0.167 
  -0.317 
   1.195 
  -1.070 
   0.119 
  -0.120 
   0.243 
  -1.666 
   1.500 
  -0.211 
   0.235 
  -0.481 
   1.272 
  -1.174 
   0.262 
   0.012 
   0.058 
  -0.519 
   0.468 
   0.100 
  -0.169 
   0.103 
  -0.256 
   0.147 
  -0.125 
   0.064 
  -0.015 
   0.899 
  -0.782 
   0.104 
   0.011 
   0.059 
   0.015 
  -0.026 
  -0.241 
   1.119 
  -1.338 
  -0.061 
   0.123 
  -0.268 
  -0.439 
   0.336 
  -0.217 
   0.095 
  -0.151 
   0.112 
   0.044 
   0.049 
   0.009 
   0.073 
   0.524 
  -0.390 
  -0.128 
   0.015 
  -0.045 
  -0.014 
   0.048 
  -0.192 
   0.118 
  -0.067 
   0.154 
  -0.082 
  -0.060 
   0.107 
  -0.122 
   0.305 
  -0.241 
  -0.054 
   0.145 
  -0.196 
  -0.231 
   0.242 
  -0.115 
  -0.114 
   0.036 
   0.256 
  -0.287 
  -0.054 
   0.074 
  -0.051 
   1.290 
  -1.131 
   0.040 
   0.071 
  -0.040 
  -0.321 
   0.284 
   0.162 
   0.079 
  -0.111 
  -0.592 
   0.545 
  -0.367 
  -0.186 
   0.076 
  -1.159 
   1.055 
  -0.220 
   0.023 
  -0.061 
   0.359 
  -0.272 
   0.079 
  -0.127 
   0.116 
  -0.241 
   0.107 
   0.121 
   0.085 
  -0.217 
  -0.473 
   0.460 
   0.217 
  -0.019 
   0.039 
  -0.284 
   0.263 
  -0.298 
   0.298 
  -0.480 
   1.642 
  -1.471 
  -0.324 
  -0.068 
   0.050 
   1.008 
  -0.902 
  -0.004 
   0.019 
  -0.142 
  -1.251 
   1.137 
  -0.220 
  -0.009 
  -0.019 
   0.397 
  -0.347 
  -0.170 
  -0.060 
   0.025 
   0.986 
  -0.802 
  -0.079 
   0.081 
  -0.066 
   0.073 
  -0.010 
  -0.325 
  -0.075 
  -0.050 
   0.250 
  -0.084 
   0.155 
  -0.092 
   0.151 
  -0.160 
   0.182 
   0.043 
   0.022 
  -0.002 
  -0.344 
   0.269 
  -0.005 
   0.072 
  -0.017 
   0.010 
   0.046 
  -0.096 
   0.314 
  -0.600 
   0.052 
  -0.094 
   0.124 
   0.005 
  -0.033 
  -0.090 
  -0.183 
   0.285 
  -0.094 
   0.088 
   0.093 
   0.063 
  -0.066 
  -0.184 
   0.120 
  -0.319 
   0.184 
  -0.344 
   0.272 
   0.108 
  -0.072 
   0.453 
  -0.320 
  -0.235 
   0.039 
  -0.003 
   0.341 
  -0.229 
   0.432 
   0.166 
  -0.052 
  -0.859 
   0.914 
  -0.023 
   0.070 
  -0.076 
   0.305 
  -0.232 
  -0.187 
  -0.189 
   0.029 
   0.325 
  -0.476 
  -0.275 
   0.158 
  -0.151 
   0.374 
  -0.012 
   0.048 
   0.083 
  -0.063 
   0.047 
  -0.013 
   0.156 
   0.202 
  -0.172 
   0.478 
  -0.339 
   0.169 
   0.303 
  -0.565 
   0.003 
   0.266 
  -0.420 
  -0.259 
   0.244 
  -0.257 
  -0.101 
  -0.031 
   1.262 
  -1.129 
  -0.136 
   0.051 
  -0.127 
   0.088 
   0.038 
  -0.088 
   0.172 
  -0.132 
   0.087 
  -0.058 
   0.276 
   0.347 
  -0.203 
   0.029 
   0.119 
   0.066 
   0.112 
  -0.238 
  -0.343 
   0.403 
   0.038 
   0.009 
   0.002 
   0.108 
  -0.056 
   0.417 
  -0.043 
   0.221 
  -1.204 
   1.167 
  -0.064 
   0.009 
  -0.008 
   0.101 
  -0.090 
  -0.384 
  -0.117 
   0.101 
  -0.549 
   0.610 
   0.138 
   0.102 
  -0.013 
  -0.053 
   0.111 
  -0.048 
  -0.077 
   0.032 
   0.360 
  -0.373 
  -0.057 
   0.187 
  -0.331 
   0.452 
  -0.447 
   0.181 
   0.124 
  -0.187 
  -0.762 
   0.732 
   0.002 
  -0.039 
   0.025 
   0.816 
  -0.736 
   0.011 
   0.196 
  -0.276 
   1.038 
  -0.891 
   0.002 
   0.338 
  -0.252 
   0.373 
  -0.241 
  -0.279 
   0.028 
  -0.095 
   0.106 
   0.047 
  -0.038 
   0.593 
  -1.053 
   0.266 
   0.166 
  -0.126 
  -0.481 
   0.491 
   0.175 
   0.160 
  -0.117 
   0.234 
  -0.193 
  -0.253 
   0.152 
  -0.163 
   0.847 
  -0.525 
  -0.044 
  -0.065 
   0.025 
   0.113 
  -0.100 
   0.257 
   0.037 
  -0.058 
   0.105 
  -0.169 
  -0.298 
   0.132 
  -0.027 
   0.091 
   0.148 
  -0.046 
   0.064 
  -0.062 
   0.226 
  -0.185 
   0.061 
  -0.141 
   0.141 
  -0.103 
   0.047 
   0.069 
   0.053 
   0.028 
   0.107 
  -0.138 
   0.081 
  -0.058 
   0.065 
   0.225 
  -0.210 
  -0.001 
   0.086 
  -0.234 
   1.478 
  -1.376 
  -0.192 
  -0.039 
   0.090 
   0.683 
  -0.628 
   0.133 
   0.033 
   0.007 
   0.120 
  -0.071 
   0.148 
   0.092 
  -0.016 
  -0.117 
   0.245 
  -0.179 
   0.021 
  -0.123 
  -0.720 
   0.637 
   0.119 
  -0.000 
  -0.056 
  -0.535 
   0.410 
   0.366 
  -0.143 
  -0.276 
  -0.422 
   0.462 
  -0.093 
  -0.167 
   0.128 
  -0.897 
   0.730 
   0.095 
   0.046 
  -0.164 
  -0.862 
   0.788 
  -0.099 
  -0.145 
   0.138 
   1.469 
  -1.325 
  -0.068 
   0.040 
  -0.144 
   1.624 
  -1.437 
   0.114 
  -0.132 
   0.146 
  -0.328 
   0.229 
   0.099 
  -0.058 
   0.019 
  -0.542 
   0.435 
  -0.098 
  -0.040 
   0.123 
   0.943 
  -0.882 
  -0.080 
  -0.086 
   0.006 
   0.209 
  -0.280 
   0.039 
   0.222 
  -0.237 
  -0.270 
   0.360 
   0.072 
   0.087 
   0.048 
  -0.134 
   0.164 
  -0.149 
  -0.150 
   0.114 
   1.020 
  -1.044 
   0.065 
   0.302 
  -0.170 
  -0.140 
   0.180 
  -0.017 
  -0.098 
   0.113 
   1.443 
  -1.354 
  -0.122 
   0.036 
   0.054 
   0.828 
  -0.656 
   0.044 
   0.011 
   0.007 
   0.092 
  -0.023 
  -0.008 
   0.199 
  -0.109 
  -0.023 
   0.114 
   0.084 
   0.046 
   0.029 
   0.599 
  -0.418 
   0.118 
  -0.028 
   0.036 
  -0.092 
   0.087 
   0.199 
   0.064 
   0.004 
   0.051 
   0.023 
   0.173 
   0.014 
  -0.111 
  -0.938 
   0.883 
   0.047 
   0.352 
  -0.412 
  -0.140 
   0.092 
  -0.262 
  -0.057 
   0.043 
   0.417 
  -0.332 
   0.003 
  -0.074 
  -0.219 
  -0.688 
   0.592 
   0.002 
  -0.090 
   0.075 
   0.002 
  -0.043 
  -0.175 
   0.126 
  -0.128 
   0.478 
  -0.341 
  -0.040 
   0.158 
  -0.172 
   0.493 
  -0.477 
  -0.058 
  -0.169 
   0.081 
  -0.288 
   0.184 
  -0.006 
   0.041 
  -0.213 
  -1.032 
   0.936 
   0.187 
   0.186 
  -0.207 
  -0.336 
   0.464 
  -0.112 
  -0.061 
   0.080 
   1.122 
  -1.034 
   0.171 
   0.204 
  -0.071 
   0.734 
  -0.678 
   0.165 
  -0.641 
   1.100 
   0.173 
   0.100 
  -0.050 
  -0.072 
   0.089 
   0.066 
   0.008 
   0.015 
   0.220 
  -0.242 
  -0.415 
   0.115 
  -0.156 
  -0.503 
   0.809 
  -0.332 
   0.111 
  -0.033 
  -0.928 
   1.317 
   0.137 
  -0.138 
   0.149 
  -0.037 
  -0.015 
  -0.296 
   0.387 
  -0.705 
   0.214 
   0.030 
  -0.176 
  -1.110 
   1.026 
  -0.114 
   0.151 
  -0.024 
   0.702 
  -0.643 
   0.149 
   0.019 
   0.068 
  -0.052 
   0.074 
   0.037 
  -0.014 
  -0.048 
   0.523 
  -0.529 
  -0.138 
  -0.023 
  -0.114 
  -1.099 
   0.966 
   0.108 
  -0.131 
   0.081 
   0.383 
  -0.407 
   0.120 
  -0.018 
  -0.098 
  -0.889 
   0.856 
   0.160 
   0.116 
   0.001 
   1.018 
  -0.865 
  -0.169 
   0.152 
  -0.400 
   1.128 
  -0.927 
   0.029 
   0.050 
  -0.184 
   0.262 
  -0.132 
  -0.027 
  -0.029 
   0.042 
   0.161 
  -0.137 
   0.106 
  -0.006 
   0.035 
   0.137 
  -0.104 
  -0.189 
   0.078 
  -0.151 
  -0.373 
   0.400 
   0.170 
   0.094 
   0.103 
  -1.118 
   1.126 
   0.275 
   0.038 
  -0.051 
  -0.538 
   0.464 
   0.033 
   0.079 
  -0.011 
   0.122 
  -0.081 
  -0.094 
  -0.080 
   0.058 
   0.236 
  -0.244 
  -0.130 
   0.025 
  -0.148 
   0.068 
  -0.062 
   0.074 
  -0.026 
   0.042 
  -0.248 
   0.224 
  -0.001 
  -0.175 
   0.161 
  -0.064 
  -0.032 
  -0.270 
  -0.002 
   0.102 
   0.746 
  -0.663 
  -0.116 
   0.057 
  -0.022 
   1.150 
  -0.964 
   0.216 
  -0.197 
   0.071 
   0.527 
  -0.594 
  -0.255 
  -0.187 
   0.062 
   1.821 
   0.282 
  -0.015 
   0.029 
  -0.643 
   0.552 
  -0.023 
  -0.103 
   0.088 
  -0.067 
  -0.004 
   0.033 
  -0.037 
   0.020 
   0.064 
  -0.033 
  -0.045 
  -0.020 
  -0.063 
  -1.112 
   0.985 
   0.020 
  -0.100 
  -0.104 
  -0.716 
   0.591 
  -0.321 
   0.230 
  -0.198 
  -0.717 
   1.107 
  -0.024 
  -0.093 
   0.047 
   0.349 
  -0.347 
  -0.057 
  -0.053 
   0.110 
   0.419 
  -0.370 
   0.162 
  -0.062 
   0.023 
   0.208 
  -0.229 
  -0.063 
   0.020 
   0.002 
  -0.158 
   0.143 
  -0.101 
   1.155 
  -0.206 
  -0.173 
   0.300 
  -0.530 
   0.513 
  -0.258 
   0.171 
  -0.033 
   0.764 
  -0.600 
   0.006 
   0.093 
  -0.186 
   0.534 
  -0.599 
  -0.290 
  -0.048 
   0.035 
  -0.051 
   0.063 
   0.281 
  -0.028 
   0.033 
  -0.797 
   0.772 
  -0.116 
   0.122 
  -0.040 
  -0.285 
   0.403 
  -0.136 
   0.486 
  -0.643 
   1.659 
  -1.449 
   0.118 
  -0.035 
   0.019 
   0.240 
  -0.300 
  -0.095 
  -0.059 
   0.027 
   0.352 
  -0.262 
  -0.052 
   0.048 
   0.055 
  -0.082 
   0.173 
   0.001 
   0.129 
  -0.235 
  -0.312 
   0.271 
   0.032 
   0.006 
  -0.062 
   0.260 
  -0.261 
  -0.195 
  -0.009 
  -0.031 
   0.439 
  -0.347 
   0.231 
   0.322 
  -0.254 
  -0.218 
   0.347 
   0.018 
  -0.545 
   1.406 
   1.803 
  -0.413 
  -0.034 
  -0.014 
   1.099 
  -0.833 
   0.046 
  -0.065 
  -0.029 
   0.222 
  -0.227 
  -0.046 
  -0.050 
   0.027 
   1.099 
  -0.968 
  -0.246 
   0.159 
  -0.332 
   2.077 
  -0.112 
   1.357 
  -1.478 
   0.074 
  -0.192 
   0.178 
  -0.444 
   0.251 
   0.116 
   0.049 
  -0.176 
  -0.370 
   0.340 
  -0.298 
  -0.130 
   0.167 
   0.746 
  -0.672 
   0.034 
  -0.008 
  -0.076 
  -0.752 
   0.714 
  -0.208 
  -0.074 
   0.020 
   0.702 
  -0.590 
  -0.157 
  -0.081 
   0.055 
   0.333 
  -0.288 
  -0.059 
   0.054 
  -0.193 
   0.042 
   0.068 
   0.009 
  -0.029 
   0.042 
  -0.390 
   0.309 
  -0.129 
   0.377 
  -0.446 
   0.568 
  -0.506 
  -0.399 
   0.026 
  -0.126 
  -0.281 
   0.472 
  -0.266 
  -0.027 
   0.056 
   0.994 
  -0.888 
  -0.201 
  -0.071 
   0.043 
   0.157 
  -0.099 
   0.236 
  -0.072 
   0.130 
  -0.729 
   0.707 
   0.152 
  -0.138 
   0.417 
  -1.216 
   1.154 
  -0.190 
  -0.058 
  -0.011 
   1.415 
  -1.290 
   0.249 
  -0.130 
   0.092 
  -0.291 
   0.179 
   0.077 
  -0.064 
  -0.014 
   0.162 
  -0.203 
   0.251 
   0.029 
   0.038 
  -0.505 
   0.511 
  -0.235 
   0.108 
  -0.016 
   0.822 
  -0.676 
   0.217 
  -0.081 
   0.132 
  -0.586 
   0.496 
  -0.236 
  -0.024 
  -0.007 
   0.167 
  -0.138 
  -0.236 
   0.137 
  -0.293 
   1.223 
  -1.063 
  -0.109 
   0.025 
  -0.011 
  -0.214 
   0.202 
  -0.086 
  -0.087 
   0.053 
  -0.604 
   0.470 
   0.323 
  -0.012 
   0.028 
   0.076 
  -0.033 
  -0.069 
   0.034 
  -0.034 
   0.890 
  -0.769 
  -0.028 
  -0.131 
   0.072 
  -0.056 
   0.020 
   0.122 
   0.002 
   0.082 
   0.147 
  -0.042 
   0.254 
  -0.113 
   0.129 
  -0.439 
   0.332 
   0.109 
   0.070 
  -0.076 
  -0.572 
   0.477 
  -0.177 
   0.042 
  -0.181 
  -0.414 
   0.457 
   0.012 
  -0.017 
  -0.004 
   1.033 
  -0.920 
  -0.347 
  -0.470 
   1.058 
  -1.434 
   1.240 
   0.155 
  -0.010 
   0.050 
   0.287 
  -0.252 
  -0.268 
   0.028 
  -0.252 
   1.803 
  -1.778 
   0.068 
   0.084 
  -0.020 
   0.236 
  -0.187 
   0.078 
   0.102 
  -0.089 
  -0.069 
   0.046 
   0.026 
  -0.078 
   0.089 
   0.110 
  -0.171 
   0.272 
   0.070 
  -0.014 
   0.448 
  -0.440 
  -0.215 
  -0.269 
   0.265 
  -1.634 
   1.391 
   0.231 
  -0.093 
   0.166 
   0.014 
  -0.001 
   0.059 
  -0.108 
   0.061 
   0.230 
  -0.244 
  -0.015 
   0.341 
  -0.443 
   1.061 
  -0.946 
  -0.225 
   1.148 
  -1.147 
  -0.016 
  -0.063 
   0.013 
   0.500 
  -0.477 
  -0.169 
   0.004 
  -0.048 
   0.039 
  -0.067 
   0.249 
  -0.011 
   0.097 
  -0.256 
   0.235 
   0.182 
   0.170 
  -0.115 
   0.010 
   0.045 
  -0.011 
   0.156 
  -0.021 
  -0.028 
   0.136 
   0.114 
  -0.036 
   0.031 
  -0.248 
   0.195 
   0.018 
  -0.090 
   0.034 
  -0.041 
  -0.061 
   0.032 
   0.231 
  -0.222 
  -0.003 
   0.135 
  -0.283 
   0.018 
  -0.132 
   1.317 
  -1.328 
  -0.103 
   0.037 
   0.087 
   0.892 
  -0.817 
  -0.198 
   0.027 
  -0.005 
   0.023 
   0.037 
  -0.059 
   0.026 
  -0.029 
   0.143 
  -0.091 
   0.046 
  -0.065 
  -0.029 
   0.222 
  -0.227 
  -0.072 
   0.286 
  -0.457 
   1.557 
  -1.543 
   0.246 
   0.065 
  -0.017 
  -0.539 
   0.548 
   0.027 
  -0.133 
   0.049 
  -0.953 
   0.724 
   0.093 
   0.122 
  -0.175 
  -0.159 
   0.243 
   0.031 
   0.224 
  -0.097 
   1.352 
  -1.183 
   0.017 
   0.187 
  -0.128 
   1.091 
  -0.944 
  -0.000 
   0.181 
  -0.188 
  -0.341 
   0.444 
   0.176 
   0.087 
  -0.045 
  -0.264 
   0.327 
   0.203 
   0.242 
  -0.135 
  -0.651 
   0.702 
   0.076 
   0.057 
  -0.221 
  -0.711 
   0.719 
  -0.207 
  -0.073 
  -0.013 
   0.502 
  -0.538 
  -0.187 
  -0.278 
   0.182 
   1.686 
  -1.416 
   0.055 
  -0.056 
   0.124 
  -0.022 
   0.018 
  -0.083 
  -0.019 
   0.007 
  -0.391 
   0.295 
  -0.111 
  -0.003 
   0.021 
   0.275 
  -0.280 
  -0.498 
  -0.178 
   0.057 
   1.723 
  -1.432 
   0.233 
  -0.134 
   0.109 
  -0.241 
   0.115 
  -0.058 
   0.116 
  -0.198 
  -0.438 
   0.518 
   0.165 
  -0.030 
   0.014 
   0.951 
  -0.858 
   0.017 
   0.357 
  -0.496 
   1.661 
  -1.671 
   0.057 
  -0.035 
   0.108 
   0.177 
  -0.167 
   0.091 
   0.145 
  -0.218 
   0.645 
  -0.597 
  -0.034 
  -0.075 
  -0.013 
   0.127 
  -0.224 
  -0.271 
   0.141 
   0.039 
   1.371 
  -1.150 
   0.239 
   0.130 
  -0.371 
  -0.250 
   0.193 
  -0.032 
   0.048 
  -0.156 
   0.518 
  -0.581 
  -0.064 
   0.035 
  -0.037 
   0.074 
  -0.054 
   0.377 
   0.066 
  -0.007 
  -0.896 
   0.842 
   0.144 
  -0.051 
   0.034 
   0.114 
  -0.139 
   0.086 
   0.002 
   0.103 
  -0.031 
   0.054 
  -0.382 
   0.117 
   0.015 
   0.845 
  -0.552 
   0.146 
   0.165 
  -0.124 
  -0.413 
   0.444 
  -0.058 
   0.127 
  -0.195 
   0.342 
  -0.261 
  -0.318 
   0.048 
   0.100 
   0.439 
  -0.332 
  -0.257 
   0.025 
  -0.219 
  -0.472 
   0.513 
   0.249 
  -0.047 
   0.045 
  -0.443 
   0.317 
   0.284 
  -0.124 
   0.057 
  -0.951 
   0.805 
   0.124 
  -0.053 
   0.037 
  -0.115 
   0.027 
   0.003 
  -0.056 
   0.076 
  -0.048 
  -0.024 
  -0.201 
   0.127 
  -0.415 
   2.370 
  -0.070 
   0.083 
  -0.190 
   0.020 
   0.079 
  -0.127 
  -0.117 
   0.329 
  -0.147 
   0.091 
  -0.043 
   0.040 
  -0.012 
   0.090 
   0.029 
   0.087 
  -0.124 
   0.209 
  -1.199 
   1.051 
  -0.008 
  -0.041 
  -0.011 
  -0.263 
   0.149 
  -0.210 
  -0.039 
   0.026 
   0.288 
  -0.205 
  -0.136 
   0.105 
  -0.227 
  -0.774 
   0.945 
  -0.225 
   0.016 
   0.001 
   1.107 
  -0.964 
  -0.159 
  -0.056 
   0.005 
   1.131 
  -0.978 
   0.152 
  -0.202 
   0.176 
   0.303 
  -0.333 
   0.111 
   0.174 
  -0.018 
  -0.508 
   0.575 
  -0.092 
   0.042 
   0.043 
  -0.123 
   0.233 
  -0.067 
  -0.089 
   0.136 
   0.726 
  -0.572 
  -0.043 
  -0.066 
   0.079 
   0.823 
  -0.648 
   0.010 
  -0.037 
   0.022 
  -0.142 
   0.092 
   0.137 
   0.318 
  -0.719 
   1.169 
  -1.040 
   0.193 
   0.104 
  -0.220 
  -0.657 
   0.674 
  -0.221 
   0.063 
  -0.078 
   1.108 
  -0.938 
  -0.091 
  -0.013 
  -0.006 
  -0.031 
   0.014 
  -0.060 
  -0.096 
   0.124 
   0.436 
  -0.387 
  -0.324 
   0.090 
   0.080 
   0.284 
   0.106 
   0.093 
  -0.057 
   0.015 
   0.354 
  -0.451 
   0.103 
   0.297 
  -0.428 
   0.997 
  -0.931 
   0.188 
   0.067 
  -0.020 
  -0.615 
   0.601 
   0.041 
   0.224 
  -0.080 
   0.067 
   0.011 
  -0.196 
   0.011 
  -0.128 
  -0.427 
   0.429 
   0.050 
  -0.154 
   0.103 
  -0.470 
   0.322 
  -0.047 
   0.117 
  -0.196 
   0.141 
  -0.172 
  -0.209 
  -0.056 
   0.178 
  -1.117 
   1.032 
  -0.073 
   0.055 
  -0.244 
   0.098 
  -0.135 
   0.246 
  -0.080 
   0.153 
  -1.230 
   1.142 
   0.299 
  -0.053 
   0.128 
  -1.097 
   1.061 
   0.117 
   0.016 
  -0.013 
  -0.063 
   0.066 
  -0.019 
  -0.058 
  -0.113 
  -1.135 
   0.969 
   0.078 
  -0.083 
   0.023 
   0.032 
  -0.169 
  -0.099 
   0.090 
  -0.264 
   1.026 
  -1.091 
  -0.193 
   0.010 
  -0.183 
  -0.212 
   0.250 
   0.024 
   0.079 
  -0.036 
   0.021 
   0.019 
   0.173 
  -0.046 
   0.012 
  -0.624 
   0.491 
   0.102 
   0.118 
  -0.105 
   0.011 
  -0.004 
  -0.324 
   0.152 
  -0.184 
   1.146 
  -0.881 
  -0.395 
  -0.027 
   0.081 
  -0.287 
   0.651 
  -0.480 
   0.047 
   0.034 
   0.838 
  -0.502 
   0.054 
   0.043 
  -0.191 
  -0.504 
   0.534 
  -0.233 
   0.006 
   0.005 
   1.095 
  -0.956 
  -0.284 
   0.207 
  -0.079 
   1.170 
  -0.925 
  -0.152 
   0.000 
  -0.098 
   0.088 
  -0.055 
  -0.167 
   0.003 
  -0.269 
   0.120 
  -0.045 
   0.195 
  -0.191 
   0.198 
   0.451 
  -0.397 
   0.118 
   0.048 
   0.031 
   0.071 
  -0.055 
   0.258 
  -0.089 
   0.144 
  -0.210 
   0.206 
   0.101 
  -0.002 
   0.107 
  -0.585 
   0.546 
  -0.133 
   0.112 
  -0.037 
   1.136 
  -1.059 
   0.040 
   0.050 
  -0.149 
  -1.101 
   0.965 
  -0.034 
  -0.035 
   0.093 
   0.425 
  -0.291 
   0.171 
   0.354 
  -0.422 
   0.145 
  -0.056 
  -0.077 
  -0.095 
   0.145 
   0.185 
  -0.145 
  -0.125 
   0.059 
  -0.256 
   0.119 
  -0.124 
   0.246 
  -0.051 
   0.018 
  -0.122 
   0.126 
   0.026 
   0.015 
  -0.121 
   0.951 
  -0.996 
  -0.198 
   0.058 
  -0.174 
  -0.099 
   0.193 
   0.081 
  -0.092 
   0.148 
  -0.598 
   0.509 
  -0.111 
   0.161 
  -0.201 
   0.764 
  -0.683 
  -0.108 
  -0.070 
   0.116 
   0.616 
  -0.594 
  -0.058 
  -0.042 
   0.026 
  -0.034 
   0.046 
  -0.215 
   0.086 
  -0.228 
  -0.301 
   0.238 
  -0.178 
   0.057 
  -0.227 
   0.595 
  -0.513 
   0.296 
   0.071 
  -0.019 
  -0.283 
   0.297 
   0.038 
  -0.081 
   0.029 
   0.205 
  -0.259 
   0.043 
   0.188 
  -0.083 
   0.968 
  -0.844 
  -0.076 
  -0.074 
   0.144 
   0.678 
  -0.576 
   0.220 
   0.119 
  -0.146 
  -0.481 
   0.490 
   0.300 
   0.075 
   0.033 
  -0.100 
   0.207 
   0.138 
   0.121 
  -0.066 
  -0.091 
   0.212 
  -0.041 
  -0.004 
   0.036 
   0.055 
  -0.043 
   0.153 
  -0.034 
  -0.131 
  -0.968 
   0.899 
   0.145 
  -0.028 
  -0.015 
   0.357 
  -0.320 
  -0.047 
  -0.040 
   0.018 
  -0.419 
   0.319 
  -0.118 
  -0.527 
   1.265 
  -0.278 
  -0.085 
  -0.016 
   0.250 
  -0.206 
   0.040 
   0.241 
  -0.429 
  -0.323 
   0.233 
   0.182 
   0.004 
   0.050 
   0.538 
  -0.432 
  -0.320 
  -0.057 
  -0.043 
   1.336 
  -1.211 
  -0.105 
   0.073 
  -0.114 
  -0.127 
   0.105 
  -0.125 
  -0.053 
   0.117 
   0.288 
  -0.301 
  -0.030 
   0.005 
   0.154 
  -0.071 
   0.077 
  -0.158 
  -0.732 
   1.400 
   0.093 
   0.220 
  -0.331 
   1.244 
  -1.196 
  -0.287 
  -0.050 
   0.095 
   0.861 
  -0.776 
  -0.080 
  -0.067 
   0.134 
   0.106 
  -0.103 
  -0.355 
  -0.103 
   0.155 
   1.426 
  -1.125 
  -0.521 
   0.326 
  -0.504 
   1.962 
  -1.665 
   0.212 
  -0.055 
  -0.019 
  -0.208 
   0.127 
  -0.066 
  -0.054 
   0.025 
   0.062 
  -0.054 
  -0.303 
  -0.025 
  -0.105 
   1.220 
  -1.082 
   0.127 
   0.005 
  -0.168 
  -1.350 
   1.213 
   0.359 
   0.023 
   0.063 
   0.354 
  -0.231 
  -0.154 
   0.015 
   0.048 
   0.680 
  -0.647 
   0.238 
   0.343 
  -0.187 
   0.148 
   0.022 
   0.062 
   0.003 
   0.025 
   1.237 
  -1.120 
   0.101 
   0.297 
  -0.166 
  -0.557 
   0.572 
   0.253 
  -0.109 
   0.142 
  -0.507 
   0.441 
   0.152 
  -0.057 
   0.187 
  -0.844 
   0.780 
  -0.079 
   0.260 
  -0.437 
   0.650 
  -0.535 
   0.088 
  -0.067 
   0.119 
   0.599 
  -0.460 
  -0.240 
   0.118 
  -0.243 
  -0.216 
   0.324 
   0.087 
  -0.015 
  -0.023 
  -0.675 
   0.542 
   0.094 
  -0.198 
   0.153 
  -0.964 
   0.694 
  -0.031 
   0.006 
  -0.082 
   0.705 
  -0.612 
  -0.062 
   0.297 
  -0.615 
  -0.053 
  -0.120 
   0.159 
  -0.743 
   0.645 
   0.109 
   0.236 
  -0.175 
   0.118 
  -0.027 
  -0.092 
  -0.098 
   0.022 
   0.102 
  -0.196 
  -0.042 
  -0.013 
   0.003 
   0.313 
  -0.291 
  -0.194 
  -0.067 
   0.019 
   0.890 
  -0.726 
  -0.050 
   0.001 
  -0.008 
   0.920 
  -0.798 
   0.002 
  -0.059 
   0.051 
   0.977 
  -0.905 
   0.159 
  -0.579 
   1.458 
   0.238 
   0.102 
  -0.053 
  -0.442 
   0.396 
   0.040 
  -0.165 
   0.401 
  -1.013 
   0.936 
   0.110 
  -0.067 
   0.080 
   0.725 
  -0.608 
  -0.377 
  -0.211 
   0.073 
   1.396 
  -1.131 
  -0.020 
  -0.020 
  -0.020 
   0.001 
  -0.071 
  -0.207 
   0.117 
  -0.246 
  -0.458 
   0.524 
  -0.147 
   0.059 
  -0.335 
   2.428 
  -0.139 
  -0.060 
  -0.066 
  -0.022 
  -0.039 
   0.172 
   0.059 
   0.030 
  -0.229 
   0.201 
   0.308 
  -0.150 
   0.352 
   1.943 
   0.055 
  -0.053 
   0.123 
  -0.026 
   0.023 
   0.291 
   0.090 
  -0.150 
  -0.368 
   0.419 
   0.136 
  -0.049 
  -0.032 
  -0.145 
  -0.010 
  -0.160 
  -0.033 
   0.016 
   1.193 
  -1.108 
   0.141 
   0.102 
  -0.216 
  -1.109 
   1.018 
  -0.139 
   0.007 
  -0.022 
   1.495 
  -1.349 
  -0.112 
  -0.049 
   0.018 
   1.107 
  -1.064 
   0.311 
  -0.901 
   0.492 
  -0.231 
  -0.157 
   0.090 
   0.292 
  -0.311 
  -0.312 
  -0.106 
   0.082 
   1.073 
  -0.915 
   0.064 
  -0.001 
   0.013 
  -0.772 
   0.672 
  -0.088 
   0.028 
  -0.163 
   1.675 
  -1.565 
  -0.340 
  -0.168 
   0.024 
   0.739 
  -0.734 
  -0.092 
  -0.067 
  -0.032 
   0.359 
  -0.423 
  -0.085 
   0.062 
  -0.255 
  -0.953 
   0.959 
   0.109 
  -0.097 
   0.071 
  -0.643 
   0.609 
  -0.313 
  -0.001 
   0.092 
   0.636 
  -0.444 
   0.095 
  -0.140 
   0.108 
  -0.222 
   0.114 
  -0.240 
  -0.154 
   0.095 
   0.108 
  -0.181 
  -0.014 
   0.024 
  -0.006 
   0.222 
  -0.174 
  -0.094 
  -0.080 
  -0.030 
   0.864 
  -0.824 
  -0.187 
   0.195 
  -0.211 
  -0.236 
   0.387 
  -0.342 
   0.184 
  -0.536 
  -0.015 
   0.060 
  -0.205 
  -0.322 
   0.313 
  -0.159 
   0.146 
  -0.216 
  -0.753 
   0.732 
  -0.050 
  -0.230 
   0.303 
   2.082 
   0.062 
  -0.046 
   0.104 
  -0.045 
   0.030 
   0.048 
   0.163 
  -0.106 
   0.030 
   0.037 
  -0.118 
  -0.075 
  -0.060 
   0.023 
  -0.128 
   0.151 
  -0.003 
   0.041 
  -0.796 
   0.751 
  -0.098 
   0.187 
  -0.324 
   1.982 
  -1.745 
   0.289 
  -0.061 
  -0.012 
   0.378 
  -0.305 
  -0.101 
   0.036 
  -0.117 
   0.578 
  -0.658 
  -0.077 
   0.070 
  -0.132 
  -0.255 
   0.332 
   0.035 
   0.063 
  -0.030 
   1.244 
  -1.065 
   0.024 
   0.404 
  -0.575 
   1.072 
  -0.941 
   0.200 
  -0.050 
   0.060 
  -0.143 
   0.079 
  -0.001 
  -0.096 
   0.022 
   0.008 
  -0.117 
  -0.235 
   0.130 
  -0.060 
   1.013 
  -0.830 
   0.214 
  -0.130 
   0.177 
  -0.121 
   0.006 
   0.277 
  -0.040 
   0.246 
  -1.509 
   1.434 
   0.048 
  -0.001 
   0.006 
   0.090 
  -0.100 
  -0.043 
   0.049 
   0.001 
  -0.015 
   0.058 
   0.243 
  -0.104 
   0.161 
  -0.615 
   0.551 
   0.165 
   0.328 
  -0.166 
   0.130 
  -0.014 
  -0.014 
   0.057 
  -0.209 
  -0.394 
   0.445 
  -0.144 
   0.032 
  -0.110 
  -0.815 
   0.740 
  -0.055 
  -0.070 
  -0.026 
   0.097 
  -0.202 
   0.061 
   0.431 
  -0.604 
   1.814 
  -1.698 
  -0.304 
  -0.068 
   0.021 
   0.768 
  -0.621 
  -0.145 
  -0.115 
   0.130 
   0.255 
  -0.095 
   0.116 
  -0.168 
   0.154 
  -0.448 
   0.266 
  -0.017 
  -0.034 
   0.001 
   0.383 
  -0.366 
  -0.049 
   0.024 
   0.040 
  -0.226 
   0.257 
  -0.289 
  -0.118 
   0.094 
   1.297 
  -1.096 
  -0.175 
  -0.315 
   0.651 
   1.690 
   0.084 
  -0.013 
  -0.010 
  -0.298 
   0.251 
   0.079 
   0.013 
   0.115 
  -0.458 
   0.487 
   0.125 
   0.143 
  -0.118 
  -0.419 
   0.383 
   0.101 
   0.096 
  -0.064 
  -0.317 
   0.341 
  -0.071 
  -0.029 
   0.049 
  -0.061 
   0.067 
   0.139 
  -0.014 
   0.001 
  -0.748 
   0.590 
   0.161 
   0.029 
  -0.223 
  -1.209 
   1.150 
   0.264 
   0.230 
  -0.455 
  -0.687 
   0.689 
   0.094 
   0.183 
  -0.103 
   0.246 
  -0.173 
   0.111 
  -0.081 
   0.052 
   0.787 
  -0.727 
  -0.071 
  -0.144 
   0.054 
  -0.269 
   0.094 
  -0.203 
  -0.066 
   0.285 
   0.080 
  -0.075 
  -0.222 
   0.082 
  -0.484 
  -0.136 
  -0.148 
   0.316 
  -1.354 
   1.299 
  -0.081 
  -0.168 
   0.241 
   0.253 
  -0.320 
  -0.007 
   0.226 
  -0.423 
   0.278 
  -0.255 
   0.189 
   0.010 
   0.021 
  -0.690 
   0.607 
   0.181 
   0.332 
  -0.310 
   0.649 
  -0.525 
  -0.096 
  -0.024 
   0.043 
  -0.098 
   0.114 
   0.101 
   0.101 
  -0.223 
  -0.494 
   0.440 
  -0.093 
   0.137 
  -0.036 
  -0.150 
   0.206 
  -0.156 
   0.038 
  -0.173 
   0.148 
  -0.009 
   0.146 
  -0.796 
   2.081 
  -0.183 
   0.783 
  -0.989 
  -0.180 
  -0.150 
   0.128 
   0.855 
  -0.794 
  -0.141 
  -0.028 
   0.035 
   1.101 
  -0.947 
  -0.025 
  -0.018 
   0.002 
   0.166 
  -0.181 
  -0.093 
  -0.072 
   0.061 
   0.385 
  -0.340 
  -0.295 
   0.447 
  -0.660 
  -0.050 
  -0.009 
  -0.019 
   0.193 
  -0.164 
   0.365 
   0.164 
   0.016 
  -1.696 
   1.665 
  -0.009 
   0.070 
  -0.201 
  -0.304 
   0.312 
  -0.080 
  -0.074 
   0.044 
   0.148 
  -0.196 
  -0.237 
  -0.117 
   0.064 
   1.051 
  -0.957 
  -0.189 
   0.008 
  -0.005 
   0.149 
  -0.010 
   0.172 
  -0.062 
   0.248 
  -0.232 
   0.291 
   0.131 
   0.192 
  -0.249 
  -0.181 
   0.247 
   0.084 
  -0.072 
   0.049 
  -0.202 
   0.129 
   0.047 
   0.079 
  -0.072 
   0.201 
  -0.125 
   0.014 
   0.303 
  -0.373 
   0.258 
  -0.215 
   0.124 
   0.096 
   0.089 
  -0.021 
   0.132 
   0.497 
   0.169 
  -0.094 
  -0.471 
   0.540 
   0.020 
  -0.054 
   0.228 
  -1.028 
   1.124 
  -0.015 
   0.017 
  -0.171 
  -0.988 
   0.890 
  -0.406 
  -0.074 
   0.030 
   1.238 
  -1.059 
  -0.045 
  -0.161 
   0.075 
  -1.159 
   0.913 
  -0.401 
   0.118 
  -0.267 
   1.468 
  -1.346 
  -0.038 
  -0.005 
  -0.123 
  -0.186 
   0.196 
  -0.254 
  -0.081 
   0.040 
   1.366 
  -1.232 
   0.171 
  -0.011 
   0.138 
  -1.117 
   1.070 
   0.204 
   0.011 
   0.075 
   0.381 
  -0.258 
  -0.084 
   0.611 
  -0.837 
   2.418 
  -0.073 
  -0.018 
  -0.017 
   0.763 
  -0.658 
   0.220 
   0.012 
   0.033 
  -0.670 
   0.628 
   0.105 
   0.057 
  -0.006 
  -0.194 
   0.198 
   0.070 
   0.224 
  -0.132 
  -0.115 
   0.163 
   0.063 
  -0.003 
  -0.139 
  -0.746 
   0.719 
  -0.068 
   0.023 
  -0.007 
  -0.103 
   0.069 
  -0.286 
  -0.092 
  -0.021 
   0.730 
  -0.671 
  -0.186 
  -0.021 
  -0.118 
  -0.813 
   0.712 
  -0.182 
  -0.117 
   0.021 
   1.038 
  -1.075 
  -0.279 
  -0.116 
   0.061 
   0.033 
  -0.059 
  -0.177 
   0.052 
  -0.278 
  -0.113 
   0.252 
   0.105 
  -0.049 
  -0.048 
   0.728 
  -0.709 
  -0.310 
  -0.030 
  -0.124 
   1.284 
  -1.191 
   0.012 
   0.026 
  -0.034 
   0.607 
  -0.495 
   0.385 
   0.047 
  -0.056 
  -0.706 
   0.641 
   0.116 
   0.076 
   0.029 
  -0.501 
   0.528 
  -0.013 
  -0.086 
   0.042 
  -0.398 
   0.283 
  -0.083 
  -0.011 
  -0.082 
   0.185 
  -0.190 
   0.021 
  -0.014 
   0.018 
   0.156 
  -0.176 
  -0.073 
  -0.007 
   0.016 
  -0.098 
   0.128 
   0.030 
  -0.106 
  -0.039 
   0.001 
  -0.170 
  -0.012 
   0.217 
  -0.114 
   0.075 
   0.029 
  -0.263 
  -0.438 
   0.979 
  -1.613 
   1.590 
   0.024 
  -0.027 
   0.002 
  -0.020 
   0.010 
  -0.220 
  -0.021 
   0.020 
   0.104 
  -0.045 
   0.105 
   0.018 
   0.059 
   0.353 
  -0.258 
  -0.007 
  -0.145 
   0.225 
  -1.001 
   0.887 
   0.150 
  -0.067 
   0.107 
  -0.005 
  -0.048 
   0.247 
   0.034 
  -0.127 
  -0.417 
   0.500 
  -0.108 
   0.148 
  -0.128 
   0.063 
  -0.039 
   0.077 
   0.183 
  -0.098 
   0.233 
  -0.170 
   0.111 
  -0.019 
   0.009 
   0.443 
  -0.392 
  -0.123 
   0.011 
   0.034 
   0.767 
  -0.706 
   0.049 
  -0.075 
  -0.017 
   0.732 
  -0.752 
  -0.197 
  -0.074 
   0.018 
   0.716 
  -0.788 
   0.063 
   0.064 
  -0.148 
  -0.556 
   0.604 
   0.025 
  -0.498 
   0.886 
   2.406 
  -0.023 
   0.068 
  -0.051 
   0.178 
  -0.168 
   0.033 
  -0.036 
   0.131 
  -1.089 
   0.976 
  -0.085 
  -0.047 
   0.010 
  -0.026 
  -0.048 
   0.267 
   0.213 
   0.019 
  -0.898 
   0.970 
  -0.151 
  -0.151 
   0.039 
   0.486 
  -0.540 
   0.081 
  -0.248 
   0.139 
   1.850 
  -0.016 
  -0.042 
  -0.069 
   0.358 
  -0.412 
   0.075 
   0.192 
  -0.148 
   0.021 
   0.035 
  -0.054 
  -0.100 
   0.020 
   0.507 
  -0.511 
  -0.173 
   0.069 
  -0.195 
   1.343 
  -1.237 
   0.108 
  -0.155 
   0.094 
  -0.147 
   0.045 
  -0.103 
   0.198 
  -0.284 
   0.175 
  -0.044 
   0.153 
   0.063 
  -0.026 
  -0.490 
   0.412 
   0.155 
  -0.153 
   0.109 
  -0.134 
   0.071 
   0.257 
  -0.168 
   0.142 
   0.267 
  -0.306 
   0.014 
   0.046 
   0.019 
   0.403 
  -0.314 
   0.023 
  -0.000 
   0.058 
   0.799 
  -0.776 
   0.222 
  -0.187 
   0.160 
  -0.222 
   0.152 
   0.047 
   0.029 
  -0.022 
  -0.207 
   0.154 
  -0.064 
  -0.154 
   0.113 
   0.506 
  -0.462 
   0.032 
   0.106 
  -0.003 
  -0.103 
   0.083 
  -0.002 
   0.222 
  -0.104 
   0.983 
  -0.928 
   0.331 
   0.018 
  -0.087 
  -0.662 
   0.636 
  -0.175 
  -0.165 
   0.047 
   0.722 
  -0.785 
  -0.070 
   0.145 
  -0.193 
   1.039 
  -0.823 
   0.073 
   0.149 
  -0.207 
  -0.228 
   0.331 
   0.087 
   0.065 
  -0.061 
   0.044 
  -0.050 
  -0.235 
  -0.026 
  -0.006 
   1.216 
  -1.072 
  -0.007 
  -0.108 
   0.102 
   0.334 
  -0.318 
   0.283 
   0.061 
  -0.052 
  -0.394 
   0.408 
  -0.132 
   0.566 
  -0.802 
   1.163 
  -1.011 
   0.061 
  -0.038 
  -0.005 
  -0.730 
   0.570 
   0.102 
   0.114 
  -0.021 
  -0.057 
   0.118 
   0.221 
   0.313 
  -0.133 
  -1.008 
   1.070 
  -0.111 
   0.593 
  -1.006 
   0.220 
   0.042 
   0.005 
   0.058 
  -0.026 
  -0.352 
  -0.203 
   0.082 
   0.707 
  -0.717 
   0.050 
   0.065 
  -0.070 
  -0.122 
   0.067 
  -0.186 
  -0.057 
  -0.079 
   0.195 
  -0.219 
  -0.127 
  -0.010 
  -0.298 
   0.179 
  -0.026 
  -0.080 
  -0.045 
  -0.056 
   0.249 
  -0.296 
   0.096 
  -0.501 
   1.081 
  -0.171 
  -0.144 
   0.098 
   0.246 
  -0.278 
  -0.058 
   0.029 
  -0.188 
   1.227 
  -1.171 
   0.164 
   0.326 
  -0.182 
   0.040 
   0.103 
   0.031 
   0.166 
  -0.077 
   0.805 
  -0.585 
  -0.237 
  -0.059 
   0.028 
   1.126 
  -0.998 
   0.230 
   0.045 
   0.004 
  -0.952 
   0.869 
   0.279 
   0.149 
  -0.080 
  -0.392 
   0.390 
   0.047 
  -0.039 
   0.041 
  -0.564 
   0.488 
   0.029 
   0.100 
  -0.110 
   0.469 
  -0.390 
  -0.247 
  -0.088 
   0.063 
   0.806 
  -0.698 
   0.413 
   0.002 
   0.112 
  -0.593 
   0.622 
  -0.195 
  -0.255 
   0.331 
  -1.405 
   1.262 
  -0.200 
   0.057 
  -0.159 
   0.899 
  -0.851 
  -0.087 
  -0.053 
  -0.013 
   1.045 
  -0.940 
   0.209 
   0.006 
  -0.024 
  -0.653 
   0.566 
   0.103 
  -0.007 
   0.029 
  -0.449 
   0.377 
  -0.076 
  -0.039 
  -0.162 
  -0.370 
   0.264 
  -0.240 
  -0.186 
   0.146 
   1.577 
  -1.450 
  -0.105 
   0.156 
  -0.251 
  -0.279 
   0.368 
   0.073 
  -0.029 
  -0.140 
  -1.228 
   1.092 
   0.271 
   0.102 
  -0.051 
   0.046 
   0.026 
  -0.065 
  -0.019 
  -0.004 
  -0.082 
   0.066 
  -0.104 
  -0.190 
   0.163 
   0.149 
  -0.211 
   0.040 
  -0.148 
   0.141 
   0.123 
  -0.179 
   0.205 
  -0.004 
  -0.170 
  -0.972 
   0.846 
   0.146 
  -0.054 
   0.029 
  -1.256 
   1.094 
  -0.112 
  -0.171 
   0.184 
  -0.667 
   0.527 
   0.310 
   0.083 
  -0.055 
   0.041 
   0.013 
   0.046 
  -0.114 
   0.159 
   0.408 
  -0.365 
   0.038 
   0.088 
   0.081 
   1.387 
  -1.251 
  -0.050 
   0.059 
  -0.037 
   0.596 
  -0.420 
  -0.075 
  -0.108 
   0.036 
   0.420 
  -0.468 
   0.131 
  -0.029 
  -0.014 
   0.050 
  -0.032 
  -0.155 
  -0.079 
   0.102 
   0.954 
  -0.835 
  -0.235 
  -0.060 
   0.030 
   1.871 
  -1.565 
  -0.260 
   0.103 
  -0.064 
   0.478 
  -0.400 
  -0.064 
   0.005 
  -0.022 
   0.562 
  -0.423 
   0.019 
   0.094 
  -0.073 
   0.795 
  -0.785 
   0.135 
   0.033 
  -0.201 
  -1.285 
   1.165 
  -0.239 
   0.192 
  -0.237 
   0.260 
  -0.142 
  -0.075 
  -0.148 
   0.243 
  -0.123 
   0.095 
  -0.079 
   0.173 
  -0.304 
  -1.170 
   1.106 
   0.138 
   0.174 
  -0.115 
  -0.256 
   0.342 
  -0.182 
   0.041 
  -0.048 
   0.382 
  -0.317 
   0.262 
   0.233 
  -0.176 
  -0.428 
   0.453 
   0.158 
  -0.090 
   0.154 
   0.323 
  -0.267 
  -0.030 
   0.036 
  -0.057 
   0.275 
  -0.225 
   0.085 
  -0.005 
   0.066 
   0.249 
  -0.222 
   0.121 
  -0.008 
   0.043 
  -0.642 
   0.552 
  -0.162 
   0.048 
  -0.073 
   0.177 
  -0.161 
   0.154 
   0.169 
  -0.272 
   0.937 
  -0.873 
   0.015 
   0.416 
  -0.718 
   0.842 
  -0.799 
   0.173 
  -0.000 
   0.030 
   0.128 
  -0.103 
  -0.025 
  -0.037 
   0.088 
  -0.309 
   0.321 
   0.013 
  -0.117 
   0.126 
  -0.706 
   0.527 
  -0.220 
   0.226 
  -0.573 
   2.418 
   0.094 
   0.001 
   0.032 
   0.460 
  -0.351 
   0.195 
  -0.025 
   0.012 
  -0.489 
   0.439 
   0.016 
   0.098 
  -0.121 
   1.181 
  -1.073 
   0.020 
   0.125 
  -0.025 
  -0.047 
   0.046 
  -0.176 
   0.633 
  -0.936 
  -0.036 
  -0.189 
   0.153 
   0.615 
  -0.671 
  -0.110 
   0.087 
  -0.175 
   0.498 
  -0.460 
  -0.211 
  -0.004 
  -0.117 
   0.244 
  -0.164 
  -0.082 
   0.072 
  -0.057 
   0.937 
  -0.839 
  -0.293 
  -0.087 
   0.111 
   1.214 
  -1.136 
   0.264 
   0.104 
  -0.044 
  -0.208 
   0.249 
   0.078 
   0.029 
   0.035 
   0.036 
  -0.059 
  -0.103 
   0.111 
  -0.061 
   0.057 
  -0.034 
   0.082 
   0.223 
  -0.324 
   1.235 
  -1.072 
   0.140 
   0.131 
  -0.232 
  -1.153 
   1.103 
  -0.002 
   0.000 
   0.038 
   0.363 
  -0.260 
  -0.001 
  -0.130 
   0.133 
   0.571 
  -0.476 
  -0.022 
   0.028 
  -0.002 
   0.884 
  -0.849 
   0.334 
  -0.787 
   2.011 
   0.326 
   0.068 
  -0.002 
  -0.278 
   0.281 
  -0.087 
  -0.054 
   0.025 
   0.117 
  -0.116 
  -0.052 
   0.085 
  -0.162 
  -0.099 
   0.313 
  -0.258 
   0.131 
  -0.293 
   1.296 
  -1.311 
   0.219 
   0.060 
  -0.025 
  -0.142 
   0.162 
   0.113 
   0.052 
  -0.039 
  -0.641 
   0.609 
   0.240 
   0.031 
  -0.035 
  -0.651 
   0.583 
  -0.120 
   0.128 
  -0.303 
   1.866 
  -1.724 
  -0.200 
  -0.022 
   0.141 
   0.735 
  -0.589 
   0.045 
  -0.076 
   0.038 
  -0.154 
   0.081 
   0.044 
  -0.210 
   0.221 
  -0.297 
   0.170 
   0.000 
   0.047 
  -0.169 
  -0.305 
   0.306 
   0.170 
   0.029 
   0.047 
  -0.262 
   0.200 
   0.303 
   0.015 
  -0.008 
  -0.458 
   0.400 
   0.134 
  -0.125 
   0.052 
   0.092 
  -0.200 
  -0.111 
   0.007 
  -0.094 
  -0.195 
   0.127 
  -0.119 
   0.271 
  -0.398 
   1.445 
  -1.313 
  -0.211 
   0.025 
  -0.136 
   0.467 
  -0.346 
   0.065 
   0.151 
  -0.326 
  -0.095 
   0.090 
  -0.117 
   0.222 
  -0.339 
   1.024 
  -0.959 
  -0.026 
  -0.045 
   0.023 
   0.848 
  -0.783 
  -0.016 
  -0.100 
   0.036 
   0.375 
  -0.430 
  -0.194 
  -0.106 
   0.027 
   0.408 
  -0.453 
   0.000 
  -0.032 
   0.018 
   0.174 
  -0.166 
   0.111 
  -0.069 
   0.042 
   0.423 
  -0.436 
   0.106 
  -0.008 
   0.018 
  -0.057 
   0.086 
   0.171 
   0.007 
   0.092 
  -1.437 
   1.303 
  -0.170 
   0.052 
   0.059 
   1.065 
  -0.912 
   0.009 
  -0.052 
   0.072 
  -0.004 
  -0.047 
  -0.014 
  -0.079 
   0.049 
   0.238 
  -0.253 
   0.066 
  -0.042 
  -0.043 
   0.333 
  -0.509 
  -0.245 
  -0.039 
  -0.123 
  -0.036 
   0.111 
  -0.177 
   0.072 
  -0.349 
   2.333 
  -0.111 
   0.067 
  -0.216 
  -0.604 
   0.549 
  -0.338 
  -0.036 
   0.031 
   1.345 
  -1.186 
   0.037 
   0.111 
  -0.082 
  -0.313 
   0.341 
  -0.048 
   0.019 
  -0.089 
  -0.419 
   0.318 
  -0.158 
   0.410 
  -0.683 
  -0.055 
   0.246 
  -0.359 
   1.071 
  -0.864 
  -0.231 
   0.119 
  -0.189 
   0.734 
  -0.625 
  -0.075 
   0.004 
   0.022 
   0.495 
  -0.335 
  -0.031 
  -0.035 
   0.227 
  -1.367 
   1.284 
  -0.108 
  -0.146 
   0.329 
  -0.083 
  -0.023 
   0.023 
   0.092 
  -0.237 
  -0.509 
   0.528 
   0.013 
  -0.205 
   0.184 
   0.242 
  -0.297 
  -0.187 
   0.110 
  -0.237 
   0.744 
  -0.603 
   0.336 
  -0.144 
   0.131 
   0.737 
  -0.629 
   0.000 
  -0.092 
   0.063 
  -0.096 
   0.017 
   0.261 
  -0.082 
   0.085 
  -0.740 
   0.605 
   0.233 
  -0.028 
   0.066 
   0.205 
  -0.180 
   0.388 
   0.013 
   0.062 
   0.038 
   0.060 
   0.055 
   0.101 
   0.009 
   0.971 
  -0.864 
  -0.101 
  -0.126 
   0.090 
   1.261 
  -1.064 
   0.116 
   0.113 
  -0.062 
   0.004 
   0.094 
   0.314 
   0.071 
  -0.065 
  -0.086 
   0.095 
   0.033 
  -0.024 
   0.054 
   0.024 
   0.006 
   0.016 
   0.071 
   0.018 
  -0.170 
   0.131 
  -0.047 
   0.126 
  -0.229 
  -0.517 
   0.551 
   0.113 
  -0.019 
   0.029 
  -0.367 
   0.299 
  -0.007 
  -0.104 
   0.058 
   0.273 
  -0.272 
  -0.188 
  -0.103 
   0.034 
   0.591 
  -0.522 
  -0.130 
  -0.081 
   0.035 
   0.164 
  -0.205 
  -0.035 
  -0.092 
   0.098 
   0.401 
  -0.370 
  -0.070 
   0.022 
  -0.133 
  -0.302 
   0.231 
  -0.105 
   0.262 
  -0.252 
   0.638 
  -0.443 
   0.066 
   0.335 
  -0.195 
   0.101 
   0.046 
  -0.045 
   0.187 
  -0.103 
  -0.009 
   0.070 
   0.257 
  -0.056 
   0.093 
  -0.022 
   0.006 
   0.226 
   0.209 
  -0.135 
  -0.526 
   0.547 
   0.016 
   0.110 
  -0.232 
  -0.538 
   0.504 
   0.224 
   0.078 
   0.101 
  -0.398 
   0.401 
  -0.071 
  -0.014 
  -0.223 
  -0.397 
   0.413 
  -0.025 
  -0.003 
  -0.084 
  -0.156 
   0.176 
  -0.066 
   0.099 
  -0.096 
   0.141 
  -0.104 
  -0.230 
  -0.012 
  -0.152 
  -0.372 
   0.342 
   0.149 
   0.168 
  -0.356 
  -0.479 
   0.373 
  -0.127 
   0.009 
   0.098 
   0.623 
  -0.582 
   0.123 
   0.129 
  -0.232 
  -0.864 
   0.845 
  -0.081 
  -0.216 
   0.406 
   2.238 
  -0.153 
   0.919 
  -1.260 
   0.253 
   0.061 
  -0.048 
  -0.370 
   0.367 
   0.054 
   0.007 
   0.085 
  -0.351 
   0.303 
  -0.046 
   0.040 
  -0.089 
  -0.900 
   0.781 
   0.341 
   0.151 
  -0.092 
  -0.371 
   0.417 
   0.091 
   0.020 
   0.026 
   0.001 
  -0.019 
  -0.045 
  -0.040 
   0.013 
   0.505 
  -0.448 
   0.417 
   0.251 
  -0.147 
  -0.421 
   0.545 
  -0.184 
   0.038 
  -0.036 
   0.534 
  -0.472 
   0.178 
  -0.008 
  -0.008 
  -0.211 
   0.187 
  -0.461 
   0.140 
  -0.311 
   0.188 
   0.075 
   0.049 
   0.264 
  -0.159 
   0.089 
  -0.056 
   0.062 
  -0.495 
   0.403 
  -0.241 
  -0.131 
   0.174 
   1.106 
  -0.993 
  -0.172 
   0.067 
  -0.035 
   1.393 
  -1.266 
   0.035 
   0.048 
  -0.033 
   0.225 
  -0.159 
  -0.015 
   0.050 
   0.078 
   0.345 
  -0.225 
  -0.192 
  -0.212 
   0.221 
   0.999 
  -0.957 
  -0.197 
   0.090 
  -0.111 
   0.500 
  -0.381 
  -0.254 
  -0.175 
   0.297 
  -0.304 
   0.307 
   0.115 
   0.008 
   0.044 
   0.252 
  -0.193 
  -0.075 
   0.093 
  -0.035 
  -0.098 
   0.120 
  -0.180 
  -0.148 
   0.239 
  -0.185 
   0.173 
   0.001 
   0.007 
  -0.096 
   0.277 
  -0.305 
   0.018 
  -0.073 
   0.058 
   0.406 
  -0.372 
  -0.086 
   0.002 
  -0.203 
  -0.645 
   0.632 
  -0.159 
  -0.075 
   0.117 
   1.115 
  -1.020 
  -0.131 
  -0.052 
   0.046 
   0.113 
  -0.117 
  -0.109 
   0.068 
  -0.173 
  -0.254 
   0.275 
  -0.015 
   0.328 
  -0.283 
   0.364 
  -0.274 
   0.240 
   0.007 
   0.012 
   0.368 
  -0.234 
  -0.056 
  -0.110 
   0.149 
  -0.979 
   0.819 
  -0.142 
  -0.113 
  -0.021 
   0.419 
  -0.446 
  -0.161 
   0.220 
  -0.682 
  -0.264 
  -0.143 
   0.184 
   0.420 
  -0.379 
   0.227 
  -0.164 
   0.170 
   0.189 
  -0.200 
  -0.120 
  -0.067 
  -0.049 
  -0.255 
   0.141 
   0.034 
   0.054 
  -0.017 
   0.343 
  -0.313 
  -0.023 
  -0.122 
   0.030 
   0.880 
  -0.791 
  -0.245 
   0.161 
  -0.078 
   1.485 
  -1.190 
   0.117 
  -0.108 
   0.055 
  -1.153 
   0.914 
   0.137 
   0.073 
  -0.056 
   0.279 
  -0.194 
   0.074 
  -0.085 
   0.058 
  -0.381 
   0.238 
   0.355 
   0.099 
  -0.061 
   0.101 
   0.003 
   0.193 
   0.072 
  -0.245 
  -0.588 
   0.607 
  -0.121 
  -0.007 
   0.062 
   0.006 
  -0.045 
   0.070 
  -0.014 
  -0.033 
   0.035 
  -0.005 
  -0.041 
  -0.102 
   0.051 
   0.273 
  -0.314 
   0.279 
  -0.001 
  -0.007 
  -0.269 
   0.210 
  -0.145 
   0.034 
  -0.127 
   1.070 
  -0.891 
  -0.089 
   0.038 
  -0.247 
  -0.377 
   0.370 
   0.099 
   0.034 
   0.061 
   0.170 
  -0.119 
  -0.130 
   0.006 
   0.007 
  -0.713 
   0.580 
  -0.083 
  -0.148 
   0.078 
  -0.368 
   0.185 
   0.270 
  -0.145 
   0.177 
   0.368 
  -0.334 
  -0.211 
  -0.040 
   0.038 
   0.075 
  -0.083 
   0.150 
   0.016 
  -0.021 
  -0.578 
   0.522 
   0.154 
   0.103 
  -0.202 
   0.955 
  -0.972 
   0.046 
   0.072 
  -0.000 
   0.114 
  -0.008 
  -0.064 
   0.057 
  -0.143 
   0.632 
  -0.578 
   0.166 
  -0.067 
   0.125 
   0.473 
  -0.386 
  -0.130 
  -0.138 
   0.115 
   0.124 
  -0.157 
  -0.147 
   0.535 
  -0.900 
  -0.185 
  -0.102 
   0.114 
   0.854 
  -0.854 
  -0.013 
  -0.013 
  -0.153 
  -0.201 
   0.178 
   0.068 
   0.124 
  -0.064 
  -0.128 
   0.143 
  -0.310 
  -0.210 
   0.081 
  -0.678 
   0.663 
  -0.116 
   0.095 
  -0.107 
   0.054 
  -0.016 
  -0.056 
  -0.222 
   0.056 
  -0.548 
   0.240 
  -0.060 
  -0.288 
   0.211 
  -0.164 
  -0.079 
  -0.040 
  -0.213 
   0.236 
   0.172 
  -0.302 
   0.097 
   0.252 
  -0.134 
  -0.876 
   0.853 
   0.039 
  -0.139 
  -0.080 
  -0.010 
  -0.146 
  -0.119 
   0.254 
  -0.365 
   1.212 
  -1.096 
   0.130 
  -0.046 
   0.036 
  -0.500 
   0.406 
  -0.101 
  -0.060 
   0.038 
   0.342 
  -0.361 
   0.122 
   0.198 
  -0.367 
   0.283 
  -0.147 
   0.309 
   0.373 
  -0.211 
  -0.741 
   0.878 
   0.110 
  -0.056 
   0.117 
  -0.430 
   0.391 
  -0.039 
   0.002 
  -0.137 
  -0.062 
   0.032 
   0.193 
  -0.010 
  -0.194 
  -0.303 
   0.361 
   0.039 
  -0.149 
   0.049 
  -0.908 
   0.665 
