  -0.112 
  -0.461 
   0.008 
  -0.154 
  -0.381 
  -0.038 
   0.332 
   0.643 
  -0.430 
  -0.355 
  -0.245 
   0.240 
   0.660 
   0.397 
  -0.454 
   0.363 
   0.407 
  -0.756 
   0.189 
   0.293 
  -0.134 
   0.066 
  -0.238 
   0.023 
  -0.049 
   0.018 
   0.885 
  -0.608 
  -0.088 
  -0.068 
  -0.106 
  -0.562 
   0.313 
  -0.207 
  -0.443 
  -0.148 
  -0.540 
  -0.150 
   0.046 
   0.266 
  -0.003 
   0.524 
   0.200 
   0.221 
   0.183 
  -0.143 
  -0.069 
   0.235 
   0.199 
  -0.014 
  -0.497 
   0.515 
  -0.186 
   0.502 
   0.413 
  -0.463 
  -0.034 
  -0.422 
  -0.018 
  -0.282 
  -0.116 
   0.156 
  -0.200 
  -0.070 
  -0.033 
   0.167 
  -0.024 
  -0.131 
  -0.469 
  -0.023 
   0.521 
   0.345 
  -0.184 
  -0.441 
  -0.254 
   1.154 
   0.173 
   0.452 
  -0.308 
  -0.121 
  -0.113 
   0.274 
   0.422 
   0.375 
   0.411 
  -0.069 
   0.198 
  -0.198 
  -0.182 
  -0.338 
  -0.437 
   0.060 
  -0.450 
   0.438 
  -0.213 
  -0.478 
  -0.106 
  -0.249 
   0.034 
  -0.180 
  -0.342 
   0.360 
   0.389 
  -0.514 
  -0.014 
  -0.434 
  -0.454 
  -0.039 
   0.044 
   0.822 
  -0.168 
   0.335 
  -0.258 
   0.003 
   0.453 
  -0.169 
   0.048 
  -0.088 
   0.446 
  -0.021 
  -0.030 
  -0.238 
   0.255 
   0.468 
  -0.344 
   0.153 
   0.321 
   0.201 
   0.143 
   0.196 
  -0.366 
  -0.474 
  -0.554 
  -0.474 
   0.215 
   0.463 
   0.179 
   0.339 
   0.247 
  -0.435 
  -0.722 
  -0.030 
   0.035 
  -0.196 
   0.350 
  -0.434 
   0.605 
  -0.347 
  -0.005 
  -0.073 
  -0.023 
  -0.317 
   0.167 
   0.833 
   0.165 
  -0.059 
   0.700 
   0.198 
   0.212 
   0.490 
   0.376 
  -0.518 
   0.236 
  -0.161 
  -0.152 
   0.034 
   0.146 
  -0.235 
  -0.514 
  -0.177 
   0.013 
   0.133 
   0.443 
   0.830 
   0.452 
   0.137 
   0.410 
   0.410 
   0.084 
  -0.356 
  -0.015 
  -0.026 
   0.347 
   0.361 
  -0.117 
   0.479 
  -0.499 
   0.021 
   0.216 
   0.354 
  -0.359 
   0.030 
  -0.091 
   0.735 
  -0.419 
  -0.733 
  -0.474 
   0.351 
  -0.144 
  -0.550 
  -0.017 
  -0.405 
   0.141 
   0.004 
   0.421 
  -0.421 
  -0.479 
   0.228 
  -0.390 
   0.191 
   0.395 
  -0.127 
  -0.098 
  -0.258 
  -0.464 
  -0.025 
  -0.126 
  -0.424 
  -0.585 
  -0.106 
   0.157 
   0.677 
   0.125 
  -0.040 
   0.314 
  -0.011 
  -0.456 
  -0.005 
  -0.021 
  -0.446 
  -0.116 
   0.017 
  -0.229 
  -0.144 
   0.365 
  -0.042 
  -0.083 
  -0.304 
   0.200 
  -0.181 
  -0.552 
  -0.062 
  -0.179 
   0.126 
   0.004 
  -0.443 
  -0.462 
   0.026 
  -0.011 
  -0.356 
   0.178 
  -0.434 
   0.026 
  -0.492 
  -0.277 
   0.321 
  -0.010 
   0.368 
  -0.462 
   0.032 
  -0.169 
  -0.442 
   0.365 
   0.080 
  -0.326 
  -0.059 
   0.446 
   0.199 
  -0.133 
   0.234 
   0.521 
   0.410 
  -0.449 
   0.641 
   0.066 
  -0.026 
   0.333 
  -0.517 
   0.326 
   0.567 
  -0.099 
  -0.221 
   1.269 
   0.055 
   0.252 
  -0.726 
   0.037 
  -0.574 
  -0.193 
   0.498 
  -0.132 
   0.192 
   0.596 
   0.220 
   0.583 
   0.062 
  -0.329 
   0.709 
  -0.508 
   0.347 
   0.406 
  -0.073 
  -0.010 
  -0.184 
   0.160 
   0.446 
  -0.047 
  -0.152 
   0.390 
   0.414 
   0.328 
  -0.644 
   0.173 
   0.172 
  -0.058 
   0.444 
  -0.378 
  -0.530 
  -0.416 
   0.202 
   0.409 
   1.226 
  -0.039 
  -0.145 
   0.233 
   0.032 
   0.027 
  -0.271 
   0.512 
   0.216 
   0.197 
  -0.278 
  -0.389 
  -0.452 
  -0.081 
   0.678 
   0.763 
  -0.535 
   0.315 
   0.246 
  -0.540 
  -0.351 
  -0.488 
   0.662 
  -0.457 
   0.390 
  -0.533 
  -0.491 
  -0.184 
   0.009 
  -0.557 
  -0.356 
  -0.479 
  -0.492 
  -0.166 
   0.554 
   0.161 
  -0.498 
   0.270 
   0.004 
   0.107 
   0.027 
   0.187 
  -0.479 
   0.378 
  -0.398 
   0.193 
  -0.111 
   0.088 
  -0.121 
   0.014 
   0.189 
   0.374 
   0.207 
   0.623 
  -0.006 
  -0.547 
  -0.077 
   0.323 
  -0.409 
   0.351 
  -0.403 
   0.336 
  -0.478 
  -0.035 
   0.813 
  -0.077 
  -0.046 
   0.345 
  -0.021 
  -0.236 
   0.331 
  -0.463 
   0.375 
  -0.453 
  -0.041 
  -0.111 
   0.209 
   0.315 
   0.016 
  -0.039 
  -0.435 
  -0.120 
   0.449 
   0.423 
   0.010 
  -0.253 
   0.526 
   1.201 
  -0.020 
   0.359 
  -0.011 
  -0.430 
  -0.123 
   0.083 
  -0.041 
  -0.162 
   0.148 
   0.454 
   0.327 
  -0.296 
  -0.127 
   0.303 
  -0.466 
  -0.308 
   0.012 
  -0.255 
   0.234 
  -0.254 
  -0.586 
   0.371 
   0.733 
  -0.130 
  -0.073 
   0.166 
   0.034 
  -0.416 
  -0.026 
  -0.729 
  -0.099 
   0.381 
  -0.219 
  -0.046 
   0.204 
  -0.036 
  -0.448 
  -0.038 
   0.266 
   0.308 
  -0.536 
  -0.461 
  -0.101 
   0.101 
   0.201 
   0.973 
   0.044 
   0.200 
  -0.051 
  -0.017 
   0.424 
   0.395 
   0.420 
  -0.274 
   0.359 
  -0.485 
  -0.299 
   0.141 
   0.435 
   0.398 
   0.212 
  -0.010 
  -0.254 
   0.201 
   0.041 
  -0.247 
   0.035 
   0.126 
   0.210 
   0.313 
  -0.700 
   0.081 
  -0.485 
   0.404 
  -0.115 
   0.159 
  -0.547 
  -0.043 
  -0.073 
  -0.210 
   0.331 
  -0.339 
  -0.137 
  -0.519 
   0.063 
   0.253 
   0.161 
   0.203 
  -0.012 
  -0.107 
  -0.386 
  -0.443 
   0.047 
  -0.342 
   0.168 
  -0.342 
   0.030 
  -0.104 
  -0.311 
   0.422 
   0.356 
  -0.232 
  -0.169 
   0.828 
   0.306 
  -0.043 
   0.886 
  -0.143 
   0.736 
  -0.062 
  -0.119 
  -0.406 
   0.248 
   0.036 
   0.450 
   0.165 
   0.360 
   0.382 
  -0.156 
   0.267 
  -0.086 
  -0.476 
   0.758 
   0.203 
   0.020 
   0.381 
   0.169 
   0.328 
  -0.149 
   0.477 
  -0.574 
  -0.111 
   0.338 
  -0.044 
  -0.517 
  -0.177 
  -0.611 
  -0.426 
   0.495 
   0.081 
  -0.038 
  -0.541 
   0.274 
  -0.101 
   0.184 
   0.257 
  -0.507 
   0.471 
  -0.440 
   0.358 
  -0.629 
  -0.024 
   0.201 
   0.585 
  -0.010 
   0.600 
  -0.481 
   0.164 
  -0.108 
   0.222 
  -0.126 
  -0.080 
  -0.058 
  -0.352 
  -0.349 
   0.076 
  -0.570 
   0.381 
  -0.211 
  -0.540 
   0.028 
  -0.458 
   0.177 
   0.046 
  -0.234 
  -0.552 
   0.341 
   0.314 
   0.089 
   0.409 
   0.501 
  -0.498 
  -0.517 
  -0.455 
   0.363 
  -0.174 
  -0.024 
  -0.083 
   0.444 
   0.176 
  -0.512 
   0.018 
  -0.302 
  -0.346 
   0.392 
  -0.036 
  -0.099 
   0.673 
   0.357 
   0.432 
  -0.156 
   0.384 
  -0.015 
  -0.440 
  -0.412 
   0.064 
  -0.159 
  -0.156 
   0.631 
  -0.043 
  -0.534 
   0.026 
   0.297 
  -0.014 
  -0.337 
   0.981 
  -0.627 
   0.432 
  -0.127 
  -0.077 
  -0.088 
  -0.583 
  -0.446 
  -0.537 
  -0.297 
  -0.347 
  -0.252 
  -0.423 
  -0.193 
   0.487 
  -0.170 
   0.994 
   0.177 
  -0.526 
  -0.014 
   0.034 
   0.016 
   0.105 
  -0.657 
   0.325 
  -0.034 
  -0.151 
  -0.365 
   0.096 
   0.608 
  -0.090 
  -0.094 
  -0.269 
  -0.270 
  -0.293 
  -0.320 
  -0.192 
   0.083 
  -0.450 
  -0.077 
   0.616 
  -0.497 
   0.545 
  -0.030 
  -0.598 
  -0.207 
  -0.028 
   0.508 
   0.736 
   0.053 
   0.032 
  -0.399 
  -0.131 
  -0.421 
  -0.340 
  -0.273 
  -0.328 
  -0.128 
   0.245 
  -0.578 
   0.223 
  -0.008 
  -0.033 
   0.248 
   0.053 
   0.472 
   0.187 
   0.398 
  -0.056 
   0.451 
   0.360 
   0.724 
  -0.095 
   0.173 
  -0.474 
  -0.049 
  -0.226 
  -0.417 
  -0.266 
   0.013 
  -0.453 
  -0.007 
   0.526 
  -0.053 
   0.804 
   0.158 
   0.003 
   0.094 
   0.212 
  -0.537 
  -0.102 
   0.297 
   0.081 
  -0.571 
   0.270 
  -0.025 
  -0.511 
   0.107 
   0.131 
  -0.238 
  -0.250 
   0.475 
   0.159 
   0.424 
   0.044 
   0.272 
   0.034 
  -0.472 
  -0.077 
   0.851 
  -0.041 
   0.016 
  -0.412 
  -0.363 
   0.211 
   0.221 
   0.289 
  -0.042 
  -0.466 
  -0.508 
   0.529 
  -0.105 
  -0.547 
   0.644 
  -0.215 
   0.200 
  -0.321 
   0.501 
  -0.406 
   0.464 
  -0.066 
   0.404 
   0.239 
  -0.484 
  -0.677 
  -0.056 
  -0.023 
   0.075 
   0.021 
   0.343 
  -0.506 
   0.050 
  -0.054 
  -0.072 
  -0.056 
  -0.252 
   0.216 
   0.241 
   0.050 
   0.067 
  -0.243 
   0.193 
  -0.693 
   0.301 
  -0.530 
   0.239 
   0.085 
   0.266 
  -0.353 
   0.316 
   0.364 
   0.163 
  -0.134 
   0.389 
   0.249 
   0.036 
  -0.448 
   0.192 
   0.173 
   0.000 
   0.008 
  -0.445 
   1.016 
  -0.412 
  -0.477 
  -0.388 
  -0.678 
   0.152 
  -0.483 
  -0.173 
  -0.053 
   0.208 
   0.218 
  -0.351 
   0.251 
  -0.179 
   0.163 
   0.466 
  -0.301 
  -0.329 
  -0.443 
   0.036 
  -0.018 
  -0.507 
  -0.382 
  -0.054 
  -0.023 
  -0.267 
   0.202 
   0.024 
  -0.061 
   0.006 
  -0.495 
   0.250 
  -0.466 
  -0.500 
  -0.041 
   0.027 
   0.158 
  -0.122 
  -0.472 
   0.363 
  -0.185 
  -0.046 
  -0.473 
  -0.008 
  -0.514 
   0.151 
  -0.501 
   0.215 
  -0.123 
   0.145 
   0.074 
  -0.043 
   0.055 
   0.446 
   0.265 
   0.160 
   0.094 
   0.193 
   0.290 
  -0.402 
  -0.454 
  -0.289 
  -0.041 
   0.175 
   0.001 
   0.092 
   0.099 
   0.330 
   0.146 
  -0.000 
   0.105 
   0.141 
  -0.424 
   0.067 
  -0.116 
  -0.179 
   0.184 
  -0.191 
   0.063 
   0.442 
  -0.418 
   0.245 
  -0.138 
  -0.464 
   0.060 
  -0.379 
   0.549 
   0.683 
   0.449 
   0.018 
   0.206 
  -0.226 
   0.176 
   0.598 
   0.446 
   0.325 
   0.024 
  -0.333 
   0.057 
   0.344 
   0.579 
   0.389 
   0.192 
  -0.332 
   0.543 
   0.328 
  -0.419 
  -0.486 
   0.560 
  -0.018 
   0.228 
  -0.001 
   0.173 
  -0.305 
  -0.115 
   0.076 
   0.407 
  -0.574 
   0.022 
   0.508 
  -0.407 
   0.115 
  -0.447 
   0.143 
  -0.493 
   0.340 
  -0.478 
   0.175 
  -0.007 
  -0.265 
   0.141 
  -0.354 
  -0.115 
  -0.758 
   0.259 
  -0.514 
   0.309 
  -0.394 
   0.173 
   0.332 
  -0.417 
   0.087 
  -0.078 
   0.261 
   0.118 
   0.052 
   0.340 
   0.133 
  -0.050 
  -0.113 
  -0.274 
   0.438 
   0.083 
  -0.104 
  -0.469 
   0.350 
  -0.065 
   0.352 
  -0.112 
  -0.243 
   0.008 
  -0.131 
   0.517 
  -0.013 
   0.283 
   0.366 
  -0.315 
   0.414 
  -0.620 
  -0.361 
  -0.510 
  -0.205 
   0.215 
   0.008 
  -0.018 
  -0.140 
  -0.442 
  -0.056 
  -0.090 
  -0.054 
   0.475 
  -0.478 
