  -0.075 
  -0.103 
   0.039 
  -0.127 
  -0.066 
  -0.001 
   0.232 
   0.300 
  -0.115 
  -0.040 
  -0.208 
   0.059 
   0.559 
   0.215 
  -0.139 
   0.020 
   0.414 
  -0.398 
   0.200 
   0.300 
  -0.107 
   0.077 
  -0.231 
  -0.159 
  -0.023 
   0.045 
   0.784 
  -0.292 
  -0.062 
  -0.042 
  -0.095 
  -0.204 
   0.325 
  -0.196 
  -0.128 
  -0.116 
  -0.641 
  -0.143 
   0.084 
   0.085 
   0.034 
   0.342 
   0.035 
   0.228 
   0.019 
   0.172 
  -0.058 
   0.054 
   0.035 
   0.024 
  -0.139 
   0.414 
   0.129 
   0.159 
   0.415 
  -0.432 
  -0.003 
  -0.064 
   0.020 
  -0.279 
  -0.105 
  -0.008 
  -0.193 
  -0.063 
  -0.006 
   0.198 
   0.007 
  -0.120 
  -0.111 
   0.015 
   0.178 
   0.164 
  -0.176 
  -0.126 
  -0.354 
   1.053 
   0.009 
   0.110 
  -0.306 
  -0.113 
  -0.086 
   0.092 
   0.079 
   0.193 
   0.069 
  -0.032 
   0.206 
  -0.172 
  -0.155 
  -0.438 
  -0.122 
   0.092 
  -0.092 
   0.095 
  -0.182 
  -0.120 
  -0.069 
  -0.242 
   0.071 
  -0.177 
  -0.026 
   0.017 
   0.046 
  -0.199 
   0.023 
  -0.119 
  -0.139 
  -0.032 
   0.081 
  -0.445 
   0.721 
  -0.142 
  -0.007 
  -0.232 
   0.010 
   0.352 
  -0.137 
   0.059 
  -0.057 
   0.103 
  -0.013 
  -0.019 
  -0.207 
   0.073 
   0.479 
  -0.029 
   0.164 
   0.332 
   0.037 
  -0.039 
   0.203 
  -0.335 
  -0.116 
  -0.517 
  -0.158 
   0.222 
   0.362 
  -0.003 
   0.174 
   0.147 
  -0.120 
  -0.364 
  -0.022 
   0.072 
  -0.188 
  -0.465 
   0.007 
  -0.119 
   0.262 
  -0.340 
   0.026 
  -0.046 
   0.004 
  -0.310 
   0.003 
   0.733 
   0.001 
  -0.028 
   0.519 
   0.033 
   0.048 
   0.148 
   0.212 
  -0.160 
   0.247 
  -0.154 
  -0.145 
   0.065 
  -0.035 
  -0.198 
  -0.156 
  -0.170 
   0.024 
  -0.031 
   0.445 
   0.729 
   0.109 
  -0.027 
   0.067 
   0.067 
   0.115 
  -0.041 
  -0.004 
   0.005 
   0.246 
   0.179 
  -0.080 
   0.379 
  -0.141 
   0.058 
   0.052 
   0.253 
  -0.043 
   0.042 
  -0.060 
   0.635 
  -0.061 
  -0.730 
  -0.116 
   0.008 
  -0.106 
  -0.192 
   0.009 
  -0.398 
  -0.023 
   0.031 
   0.079 
  -0.409 
  -0.164 
   0.231 
  -0.032 
  -0.475 
   0.027 
   0.052 
  -0.101 
  -0.060 
  -0.227 
  -0.426 
   0.002 
  -0.089 
  -0.421 
  -0.227 
  -0.099 
   0.188 
   0.334 
   0.136 
  -0.032 
   0.317 
   0.001 
  -0.449 
   0.002 
   0.005 
  -0.443 
  -0.090 
   0.029 
  -0.191 
  -0.107 
   0.022 
  -0.005 
  -0.080 
  -0.267 
   0.035 
  -0.178 
  -0.514 
  -0.050 
  -0.147 
   0.134 
   0.015 
  -0.440 
  -0.104 
   0.028 
   0.026 
  -0.041 
   0.014 
  -0.119 
   0.064 
  -0.134 
  -0.275 
  -0.021 
   0.016 
   0.025 
  -0.104 
   0.069 
  -0.158 
  -0.543 
   0.396 
  -0.101 
  -0.289 
  -0.051 
   0.264 
   0.017 
  -0.107 
   0.241 
   0.421 
   0.228 
  -0.091 
   0.652 
   0.077 
   0.000 
   0.151 
  -0.159 
   0.161 
   0.467 
  -0.068 
   0.094 
   0.082 
   0.070 
  -0.719 
   0.040 
  -0.537 
  -0.166 
   0.156 
  -0.125 
   0.028 
   0.495 
   0.056 
   0.482 
   0.093 
  -0.297 
   0.609 
  -0.193 
   0.004 
   0.063 
  -0.047 
  -0.008 
  -0.172 
  -0.005 
   0.346 
  -0.040 
  -0.121 
   0.047 
   0.071 
   0.163 
  -0.329 
   0.009 
   0.008 
  -0.032 
   0.343 
  -0.347 
  -0.172 
  -0.058 
   0.210 
   0.067 
   1.125 
  -0.007 
  -0.119 
   0.051 
   0.059 
   0.064 
  -0.264 
   0.330 
   0.224 
   0.032 
  -0.271 
  -0.074 
  -0.094 
  -0.078 
   0.497 
   0.420 
  -0.177 
   0.150 
   0.081 
  -0.537 
  -0.324 
  -0.173 
   0.562 
  -0.557 
   0.290 
  -0.175 
  -0.133 
  -0.152 
   0.036 
  -0.555 
  -0.349 
  -0.121 
  -0.177 
  -0.140 
   0.212 
   0.060 
  -0.140 
   0.281 
   0.035 
   0.138 
   0.053 
   0.022 
  -0.477 
   0.035 
  -0.082 
   0.028 
  -0.080 
   0.099 
  -0.095 
   0.040 
   0.025 
   0.210 
   0.043 
   0.280 
   0.020 
  -0.232 
  -0.040 
   0.141 
  -0.094 
   0.358 
  -0.088 
  -0.007 
  -0.120 
  -0.008 
   0.632 
  -0.040 
  -0.014 
   0.003 
  -0.014 
  -0.229 
  -0.011 
  -0.105 
   0.274 
  -0.138 
  -0.014 
  -0.103 
   0.044 
   0.150 
   0.048 
  -0.002 
  -0.120 
  -0.093 
   0.268 
   0.241 
   0.047 
  -0.242 
   0.183 
   1.101 
   0.007 
   0.194 
   0.020 
  -0.072 
  -0.086 
   0.109 
  -0.015 
  -0.154 
  -0.016 
   0.461 
  -0.015 
  -0.294 
  -0.090 
   0.122 
  -0.463 
  -0.306 
   0.038 
  -0.244 
   0.069 
  -0.243 
  -0.228 
   0.189 
   0.632 
  -0.099 
  -0.065 
  -0.015 
   0.037 
  -0.100 
   0.005 
  -0.727 
  -0.067 
   0.384 
  -0.211 
  -0.019 
   0.039 
  -0.009 
  -0.440 
  -0.007 
   0.277 
  -0.035 
  -0.221 
  -0.449 
  -0.069 
  -0.081 
   0.036 
   0.873 
   0.081 
   0.036 
  -0.014 
   0.015 
  -0.471 
   0.431 
   0.214 
   0.077 
  -0.263 
   0.017 
  -0.170 
  -0.297 
   0.173 
   0.334 
   0.055 
   0.214 
  -0.003 
  -0.223 
   0.208 
   0.067 
  -0.216 
   0.061 
  -0.055 
   0.046 
   0.131 
  -0.342 
   0.118 
  -0.127 
   0.222 
  -0.104 
   0.197 
  -0.189 
  -0.006 
  -0.036 
  -0.199 
   0.149 
  -0.024 
  -0.110 
  -0.516 
   0.065 
   0.264 
  -0.004 
   0.210 
  -0.009 
  -0.100 
  -0.071 
  -0.085 
   0.050 
  -0.027 
   0.179 
  -0.026 
  -0.152 
  -0.066 
  -0.411 
   0.321 
   0.014 
  -0.206 
  -0.158 
   0.727 
   0.142 
  -0.036 
   0.543 
  -0.135 
   0.635 
  -0.025 
  -0.087 
  -0.091 
   0.251 
   0.068 
   0.457 
   0.000 
   0.017 
   0.393 
  -0.125 
   0.278 
  -0.055 
  -0.161 
   0.658 
   0.038 
   0.051 
   0.413 
  -0.012 
   0.360 
  -0.117 
   0.135 
  -0.571 
  -0.073 
   0.174 
  -0.007 
  -0.202 
  -0.175 
  -0.296 
  -0.111 
   0.313 
  -0.101 
  -0.000 
  -0.183 
   0.110 
  -0.074 
   0.020 
   0.294 
  -0.149 
   0.482 
  -0.125 
   0.193 
  -0.626 
  -0.016 
   0.037 
   0.243 
   0.017 
   0.500 
  -0.123 
  -0.018 
  -0.077 
   0.057 
  -0.114 
  -0.632 
  -0.043 
  -0.032 
  -0.037 
  -0.347 
   0.103 
  -0.212 
   0.216 
  -0.185 
  -0.502 
   0.040 
  -0.142 
  -0.004 
   0.053 
  -0.226 
  -0.194 
   0.176 
   0.132 
   0.120 
   0.066 
   0.158 
  -0.140 
  -0.202 
  -0.452 
   0.198 
  -0.274 
   0.014 
  -0.051 
   0.262 
   0.011 
  -0.154 
   0.050 
  -0.402 
  -0.335 
   0.049 
   0.001 
  -0.067 
   0.491 
   0.192 
   0.089 
  -0.119 
   0.391 
   0.011 
  -0.432 
  -0.097 
  -0.036 
  -0.148 
  -0.125 
   0.288 
  -0.036 
  -0.523 
   0.052 
   0.116 
  -0.003 
  -0.022 
   0.880 
  -0.625 
   0.250 
  -0.124 
  -0.074 
  -0.062 
  -0.225 
  -0.439 
  -0.638 
  -0.266 
  -0.032 
  -0.250 
  -0.108 
  -0.162 
   0.145 
  -0.163 
   0.651 
   0.208 
  -0.168 
  -0.003 
   0.061 
   0.043 
   0.116 
  -0.646 
   0.161 
  -0.026 
  -0.119 
  -0.358 
   0.133 
   0.507 
  -0.052 
  -0.056 
   0.046 
  -0.244 
   0.022 
  -0.312 
  -0.161 
  -0.099 
  -0.135 
  -0.045 
   0.515 
  -0.139 
   0.202 
   0.001 
  -0.240 
  -0.196 
  -0.001 
   0.327 
   0.636 
  -0.048 
  -0.150 
  -0.083 
  -0.100 
  -0.106 
  -0.333 
  -0.270 
  -0.325 
  -0.125 
   0.064 
  -0.263 
   0.058 
   0.023 
  -0.026 
   0.083 
   0.080 
   0.290 
   0.023 
   0.055 
  -0.019 
   0.109 
   0.018 
   0.624 
  -0.057 
   0.204 
  -0.116 
  -0.022 
  -0.223 
  -0.102 
  -0.255 
   0.024 
  -0.138 
   0.025 
   0.183 
  -0.021 
   0.841 
   0.170 
   0.030 
   0.121 
   0.048 
  -0.179 
  -0.094 
   0.115 
   0.092 
  -0.213 
   0.089 
  -0.013 
  -0.153 
   0.119 
  -0.033 
   0.078 
  -0.239 
   0.375 
   0.185 
   0.081 
   0.081 
   0.091 
   0.045 
  -0.114 
  -0.050 
   0.750 
  -0.009 
   0.053 
  -0.400 
  -0.005 
   0.047 
   0.229 
   0.107 
  -0.011 
  -0.435 
  -0.150 
   0.566 
  -0.206 
  -0.190 
   0.301 
  -0.178 
   0.036 
  -0.005 
   0.158 
  -0.091 
   0.364 
  -0.035 
   0.061 
   0.075 
  -0.126 
  -0.319 
  -0.024 
   0.003 
   0.082 
   0.058 
   0.178 
  -0.191 
   0.058 
  -0.023 
  -0.045 
  -0.049 
  -0.221 
   0.051 
   0.243 
   0.081 
  -0.115 
  -0.217 
   0.012 
  -0.335 
   0.137 
  -0.172 
   0.075 
   0.116 
   0.101 
  -0.038 
   0.152 
   0.183 
   0.166 
  -0.107 
   0.208 
   0.068 
   0.063 
  -0.090 
   0.010 
  -0.009 
   0.038 
   0.035 
  -0.442 
   0.915 
  -0.054 
  -0.162 
  -0.073 
  -0.320 
  -0.012 
  -0.168 
  -0.170 
  -0.015 
   0.215 
   0.226 
  -0.036 
   0.087 
  -0.168 
  -0.002 
   0.124 
   0.014 
   0.029 
  -0.441 
   0.073 
   0.019 
  -0.149 
  -0.067 
  -0.017 
   0.015 
  -0.260 
   0.210 
   0.036 
  -0.035 
   0.043 
  -0.492 
   0.253 
  -0.150 
  -0.185 
  -0.030 
   0.053 
  -0.007 
  -0.090 
  -0.157 
   0.182 
  -0.153 
  -0.008 
  -0.471 
   0.019 
  -0.156 
  -0.014 
  -0.143 
   0.051 
  -0.092 
   0.177 
   0.086 
  -0.005 
   0.066 
   0.453 
   0.100 
  -0.005 
   0.131 
   0.029 
   0.108 
  -0.044 
  -0.452 
  -0.286 
  -0.014 
   0.206 
   0.038 
   0.129 
   0.106 
   0.165 
   0.173 
   0.026 
   0.108 
  -0.023 
  -0.066 
   0.098 
  -0.085 
  -0.152 
   0.020 
  -0.179 
   0.090 
   0.099 
  -0.060 
   0.081 
  -0.101 
  -0.106 
   0.071 
  -0.064 
   0.206 
   0.501 
   0.268 
   0.056 
   0.041 
  -0.223 
   0.178 
   0.433 
   0.345 
   0.144 
   0.061 
  -0.018 
   0.088 
   0.179 
   0.237 
   0.224 
   0.027 
  -0.016 
   0.443 
   0.146 
  -0.104 
  -0.128 
   0.217 
  -0.007 
   0.063 
  -0.514 
   0.006 
   0.008 
  -0.406 
  -0.103 
   0.083 
   0.064 
  -0.675 
   0.033 
   0.511 
  -0.049 
   0.147 
  -0.132 
   0.150 
  -0.135 
   0.176 
  -0.120 
   0.011 
   0.030 
  -0.254 
  -0.024 
  -0.039 
  -0.083 
  -0.400 
   0.261 
  -0.156 
  -0.033 
  -0.036 
   0.200 
   0.150 
  -0.102 
   0.094 
  -0.067 
   0.079 
  -0.064 
   0.078 
   0.239 
   0.144 
  -0.018 
  -0.106 
  -0.243 
   0.096 
   0.115 
  -0.204 
  -0.111 
   0.007 
  -0.038 
   0.360 
  -0.085 
  -0.241 
   0.015 
  -0.124 
   0.336 
   0.014 
   0.119 
   0.184 
  -0.308 
   0.071 
  -0.262 
  -0.462 
  -0.611 
  -0.194 
   0.226 
   0.039 
   0.019 
  -0.103 
  -0.439 
  -0.019 
  -0.063 
  -0.052 
   0.310 
  -0.163 
