   0.583 
   0.143 
  -0.710 
   0.339 
   0.860 
  -0.383 
  -0.504 
   0.215 
   0.458 
   0.598 
  -0.651 
  -0.065 
  -0.084 
   0.241 
   0.592 
  -0.533 
  -0.703 
   0.595 
  -0.680 
   0.094 
  -0.684 
   0.470 
  -0.751 
   0.317 
   0.091 
   0.534 
   0.739 
  -0.307 
  -0.528 
   0.891 
  -0.013 
  -0.142 
  -0.327 
   0.303 
  -0.135 
  -0.485 
   0.272 
   0.205 
  -0.707 
  -0.599 
   0.656 
  -0.302 
   0.583 
   0.523 
   0.607 
   0.331 
  -0.556 
   0.325 
  -0.588 
   0.478 
   0.700 
  -0.255 
  -0.649 
   0.302 
   0.597 
  -0.739 
   0.109 
  -0.174 
  -0.487 
   0.406 
  -0.455 
  -0.017 
   0.171 
   0.758 
   0.148 
  -0.302 
   0.379 
   0.452 
   0.665 
  -0.321 
  -0.022 
   0.191 
  -0.718 
  -0.416 
  -0.479 
   0.438 
   0.063 
   0.408 
  -0.491 
  -0.005 
  -0.620 
  -0.189 
   0.045 
   0.377 
  -0.162 
  -0.531 
   0.279 
  -0.716 
  -0.415 
   0.622 
  -0.390 
   0.286 
   0.777 
  -0.191 
  -0.511 
  -0.402 
  -0.180 
  -0.465 
  -0.225 
   0.547 
  -0.372 
   0.094 
  -0.499 
   0.177 
   0.014 
  -0.222 
   0.518 
  -0.618 
   0.547 
  -0.665 
   0.135 
   0.246 
   0.079 
  -0.424 
   0.399 
   0.296 
   0.266 
   0.548 
   0.282 
   0.386 
  -0.380 
  -0.346 
   0.590 
  -0.029 
  -0.495 
  -0.613 
  -0.390 
   0.061 
   0.262 
   0.025 
  -0.138 
  -0.111 
   0.850 
   0.466 
   0.038 
   0.796 
   0.563 
   1.004 
  -0.629 
  -0.081 
  -0.703 
   0.867 
  -0.049 
  -0.194 
   0.292 
   0.124 
  -0.307 
   0.210 
   0.418 
   0.280 
  -0.187 
   0.491 
  -0.130 
  -0.411 
  -0.261 
   0.007 
  -0.236 
   1.314 
   0.693 
  -0.733 
  -0.117 
   0.525 
   0.550 
   0.448 
   0.811 
   0.757 
   0.423 
  -0.432 
   0.137 
   0.203 
   0.247 
  -0.647 
   0.133 
   0.805 
   0.588 
   0.585 
   0.152 
   0.964 
  -0.518 
   0.328 
  -0.580 
   0.376 
  -0.426 
  -0.200 
   0.860 
   0.279 
   0.254 
   0.475 
  -0.359 
  -0.353 
  -0.649 
  -0.163 
  -0.568 
  -0.063 
   0.136 
  -0.644 
   0.085 
  -0.142 
  -0.555 
  -0.029 
   0.161 
   0.481 
   0.038 
  -0.340 
  -0.620 
   0.472 
  -0.223 
   0.303 
   0.023 
   0.243 
   0.298 
  -0.591 
   1.737 
  -0.313 
   0.609 
  -0.134 
   0.751 
  -0.170 
  -0.440 
  -0.386 
  -0.712 
  -0.362 
   0.200 
  -0.618 
  -0.022 
  -0.075 
   0.707 
  -0.414 
   0.166 
   0.937 
  -0.485 
   0.193 
  -0.027 
  -0.552 
  -0.639 
  -0.590 
  -0.743 
  -0.553 
   0.434 
  -0.125 
   0.617 
   0.102 
  -0.728 
  -0.207 
  -0.135 
  -0.000 
  -0.462 
  -0.759 
   0.532 
  -0.092 
   0.448 
   0.251 
   0.621 
   0.291 
  -0.723 
  -0.380 
   0.349 
   0.153 
  -0.280 
   1.080 
   0.542 
   0.525 
   0.593 
   0.446 
   0.801 
   0.493 
   0.289 
   0.550 
   0.249 
   0.500 
   1.086 
   0.606 
   0.074 
   0.098 
  -0.030 
   0.130 
   0.914 
  -0.359 
  -0.479 
  -0.168 
   0.450 
  -0.139 
   0.425 
   0.294 
  -0.625 
  -0.682 
   0.123 
   0.272 
  -0.008 
  -0.021 
  -0.106 
   0.211 
   0.078 
  -0.548 
   0.814 
   0.919 
  -0.284 
   0.640 
   0.540 
   0.214 
   0.399 
   0.598 
  -0.346 
  -0.510 
   0.374 
   0.579 
  -0.386 
   0.229 
  -0.608 
  -0.000 
  -0.753 
   1.141 
  -0.302 
   0.125 
   0.428 
  -0.743 
   0.133 
   0.568 
  -0.260 
  -0.361 
  -0.079 
  -0.118 
  -0.280 
  -0.371 
   0.579 
  -0.563 
  -0.142 
  -0.095 
  -0.227 
  -0.202 
  -0.522 
  -0.225 
   0.298 
   0.434 
  -0.118 
  -0.452 
   0.143 
   0.770 
  -0.381 
  -0.432 
   0.264 
  -0.572 
   0.589 
  -0.725 
  -0.031 
  -0.215 
  -0.426 
  -0.328 
  -0.679 
   0.450 
  -0.753 
  -0.643 
   0.316 
   0.366 
  -0.652 
   0.715 
   0.391 
   0.527 
   0.231 
   0.368 
  -0.106 
   0.622 
   0.183 
  -0.219 
   0.368 
   0.125 
  -0.062 
   0.786 
   0.710 
  -0.032 
   0.163 
  -0.317 
  -0.303 
  -0.103 
  -0.187 
  -0.187 
  -0.265 
   0.274 
   0.584 
  -0.715 
  -0.464 
  -0.509 
   0.376 
   0.566 
   0.123 
   0.224 
   0.159 
  -0.213 
  -0.407 
  -0.744 
  -0.754 
  -0.068 
  -0.020 
  -0.328 
   0.422 
   0.675 
   1.024 
  -0.568 
   0.112 
  -0.407 
   0.104 
  -0.447 
   0.481 
  -0.546 
   0.369 
  -0.778 
  -0.217 
   0.582 
  -0.734 
   0.151 
  -0.692 
  -0.229 
   0.216 
  -0.243 
  -0.743 
   0.583 
   0.820 
  -0.468 
   0.100 
   0.531 
  -0.744 
   0.371 
   0.499 
   0.881 
  -0.792 
  -0.218 
  -0.459 
   1.058 
  -0.553 
   1.063 
   0.002 
   0.070 
   0.221 
  -0.374 
  -0.335 
   0.755 
   0.183 
   0.312 
   0.871 
  -0.393 
  -0.754 
  -0.051 
   0.138 
  -0.640 
   0.078 
   0.492 
   0.272 
  -0.381 
  -0.119 
   0.880 
   0.193 
   0.174 
  -0.274 
  -0.631 
  -0.451 
   0.326 
   0.286 
   0.315 
   1.069 
   0.450 
  -0.586 
  -0.030 
   0.018 
   0.279 
   0.600 
  -0.170 
  -0.339 
  -0.237 
   0.656 
   1.057 
   0.650 
   0.041 
   0.502 
  -0.631 
   0.253 
  -0.015 
   0.177 
   0.405 
  -0.084 
  -0.153 
   0.469 
   0.342 
   0.647 
  -0.254 
  -0.520 
   0.170 
  -0.242 
  -0.666 
  -0.033 
   0.121 
   0.256 
   0.212 
   0.527 
  -0.443 
   0.246 
  -0.312 
  -0.554 
   0.087 
  -0.546 
  -0.452 
  -0.149 
  -0.212 
   1.200 
  -0.292 
   0.346 
   0.787 
   0.752 
   0.242 
  -0.417 
  -0.625 
  -0.176 
  -0.069 
   0.154 
   0.290 
   0.025 
  -0.544 
   0.447 
  -0.759 
  -0.264 
  -0.029 
  -0.600 
   0.434 
  -0.203 
   0.546 
  -0.247 
   0.565 
  -0.207 
   0.469 
  -0.420 
  -0.037 
   0.188 
   0.588 
   0.083 
  -0.064 
   0.546 
   0.319 
  -0.255 
  -0.309 
   0.549 
   0.909 
  -0.067 
   0.726 
  -0.793 
   0.491 
  -0.671 
  -0.496 
   0.053 
   0.058 
   0.192 
   0.555 
  -0.268 
   1.035 
   0.726 
   0.246 
  -0.127 
   0.066 
   0.164 
   0.350 
   0.163 
  -0.458 
   0.893 
   0.508 
  -0.691 
  -0.067 
   0.585 
   0.994 
  -0.363 
  -0.065 
  -0.060 
   0.464 
  -0.304 
   0.303 
  -0.037 
  -0.158 
   0.693 
   0.785 
  -0.493 
  -0.738 
  -0.113 
  -0.665 
   0.691 
  -0.051 
  -0.316 
   0.219 
  -0.479 
  -0.720 
   0.670 
  -0.628 
  -0.617 
   0.182 
   0.800 
   0.528 
   0.100 
   0.637 
  -0.388 
   0.253 
   0.493 
   0.582 
   0.079 
   0.156 
   0.961 
   0.147 
   0.709 
   0.607 
   0.352 
   0.649 
   0.569 
   0.329 
   0.965 
   0.303 
   0.481 
  -0.250 
   0.946 
   0.573 
   0.496 
   0.627 
   1.287 
   0.624 
  -0.776 
   0.761 
  -0.588 
   1.489 
   0.383 
   0.395 
  -0.482 
  -0.337 
  -0.142 
   0.701 
   0.098 
   0.585 
  -0.141 
   0.589 
  -0.365 
  -0.770 
  -0.291 
  -0.566 
  -0.295 
   0.568 
  -0.780 
  -0.533 
   1.038 
  -0.421 
   0.524 
  -0.358 
  -0.266 
   0.231 
   0.558 
  -0.044 
  -0.674 
  -0.029 
   0.692 
   0.744 
  -0.649 
   0.207 
  -0.178 
   0.148 
   0.127 
   0.630 
   1.179 
  -0.387 
  -0.175 
  -0.131 
  -0.616 
  -0.354 
   0.625 
   0.127 
   0.431 
   0.685 
  -0.416 
   0.641 
   0.844 
  -0.397 
   0.063 
   0.268 
  -0.396 
   0.612 
   0.330 
  -0.420 
  -0.636 
   0.378 
  -0.127 
  -0.400 
   0.405 
   0.112 
  -0.501 
   0.756 
  -0.557 
  -0.542 
   0.825 
   1.065 
   0.648 
   0.446 
  -0.779 
  -0.056 
  -0.424 
   0.783 
   0.534 
   0.875 
  -0.656 
   0.232 
   1.450 
   0.433 
  -0.405 
  -0.043 
   0.122 
  -0.391 
   0.418 
  -0.417 
   0.629 
  -0.506 
  -0.404 
  -0.701 
  -0.779 
   0.480 
   0.311 
   0.431 
   0.286 
   0.117 
   0.364 
  -0.013 
  -0.144 
   0.461 
  -0.759 
   1.118 
   0.998 
  -0.097 
  -0.599 
   0.256 
  -0.204 
   0.025 
   0.337 
   0.706 
   0.315 
  -0.100 
   0.725 
   0.479 
  -0.625 
   0.422 
  -0.792 
  -0.345 
   0.164 
   0.385 
   0.113 
   0.206 
  -0.386 
   0.536 
  -0.253 
   1.000 
  -0.155 
   0.647 
  -0.440 
   0.202 
  -0.074 
  -0.627 
   0.974 
  -0.199 
   0.270 
  -0.464 
   0.533 
   0.409 
   0.513 
  -0.220 
   0.292 
   0.723 
  -0.453 
   1.043 
   0.246 
  -0.148 
   0.885 
  -0.359 
   0.643 
  -0.290 
   0.371 
   0.453 
   0.885 
  -0.174 
   0.686 
   0.409 
  -0.057 
   0.303 
   0.955 
   0.452 
   0.464 
  -0.518 
   0.394 
  -0.670 
  -0.108 
  -0.628 
   0.683 
   0.189 
   0.550 
  -0.575 
  -0.415 
  -0.245 
  -0.630 
  -0.653 
   0.854 
   0.618 
   0.538 
  -0.601 
  -0.083 
   0.177 
   0.471 
   0.801 
  -0.194 
  -0.691 
   0.117 
  -0.706 
  -0.551 
  -0.155 
  -0.585 
   0.435 
  -0.054 
   0.660 
   0.666 
   0.266 
  -0.787 
   0.243 
   0.234 
   0.286 
  -0.717 
   0.516 
   0.357 
   0.221 
  -0.503 
   0.407 
   0.455 
  -0.672 
  -0.680 
  -0.582 
  -0.257 
  -0.003 
   0.225 
  -0.554 
   0.783 
  -0.308 
   0.599 
   0.270 
  -0.010 
  -0.242 
  -0.662 
   0.045 
   0.333 
  -0.244 
   0.387 
   0.879 
   0.420 
  -0.262 
  -0.110 
   0.484 
  -0.144 
  -0.170 
   0.043 
   0.151 
   0.141 
   0.226 
   0.362 
   0.701 
   0.448 
   0.572 
  -0.581 
   0.711 
   0.373 
   0.491 
   0.952 
   0.714 
   0.201 
   0.464 
   0.534 
   0.049 
  -0.328 
  -0.654 
   0.786 
  -0.776 
  -0.340 
   0.940 
   0.525 
   0.564 
  -0.500 
   0.806 
   0.422 
   0.317 
  -0.460 
   0.591 
   0.752 
   0.554 
   0.400 
   0.114 
   0.087 
   0.572 
   0.369 
  -0.069 
   0.004 
  -0.638 
  -0.515 
   0.293 
  -0.526 
   0.420 
  -0.027 
   0.256 
   0.315 
  -0.522 
   0.097 
   0.832 
   0.274 
  -0.104 
   0.339 
   0.213 
   0.582 
   0.558 
   0.519 
  -0.025 
   0.035 
  -0.239 
   0.234 
   0.633 
   0.046 
   0.840 
  -0.641 
  -0.586 
   0.113 
  -0.126 
  -0.454 
   0.063 
   0.678 
   0.641 
   0.950 
  -0.125 
   0.089 
   0.300 
   0.369 
   0.615 
  -0.122 
   0.099 
   0.023 
   0.197 
   0.110 
  -0.346 
  -0.646 
   0.188 
  -0.287 
   0.635 
   0.153 
  -0.095 
  -0.204 
   0.216 
   0.231 
   0.444 
  -0.204 
  -0.105 
   0.014 
   0.143 
   0.243 
   0.269 
   0.057 
   0.105 
  -0.649 
  -0.595 
  -0.228 
  -0.154 
   0.383 
   0.249 
   0.108 
   0.309 
   0.891 
  -0.410 
  -0.149 
   0.583 
  -0.310 
  -0.256 
   0.157 
   0.527 
  -0.185 
  -0.202 
  -0.188 
   0.406 
  -0.038 
  -0.704 
  -0.130 
   0.150 
  -0.262 
   1.192 
  -0.429 
  -0.200 
  -0.457 
  -0.156 
  -0.121 
  -0.340 
   0.311 
   0.830 
  -0.533 
   0.456 
   0.448 
  -0.275 
   0.512 
  -0.337 
   0.780 
   0.814 
   0.005 
  -0.269 
   0.715 
   0.438 
  -0.463 
  -0.017 
  -0.155 
   0.420 
   0.814 
   0.111 
  -0.045 
   0.939 
  -0.314 
   0.219 
  -0.603 
   0.535 
  -0.099 
  -0.696 
   0.192 
   0.027 
  -0.090 
   0.662 
  -0.644 
  -0.694 
   1.161 
   0.452 
  -0.696 
  -0.152 
   0.493 
   0.414 
   0.024 
   0.282 
   0.265 
   0.910 
   0.373 
   0.124 
  -0.107 
  -0.542 
  -0.680 
  -0.142 
  -0.375 
   0.169 
   0.613 
  -0.473 
   0.123 
   0.563 
  -0.281 
  -0.790 
   0.324 
  -0.377 
   0.435 
  -0.760 
  -0.123 
  -0.788 
   0.684 
   0.464 
   0.616 
  -0.168 
  -0.774 
   0.661 
   0.174 
  -0.658 
  -0.170 
  -0.652 
  -0.249 
   0.737 
   0.271 
   0.881 
  -0.376 
   0.436 
  -0.606 
   0.321 
   0.551 
  -0.342 
  -0.158 
  -0.017 
   0.590 
   0.183 
  -0.427 
   0.073 
  -0.625 
   0.361 
  -0.128 
  -0.147 
  -0.392 
   0.943 
  -0.266 
  -0.240 
   0.535 
  -0.609 
   0.692 
   0.512 
   0.097 
  -0.112 
  -0.258 
  -0.386 
  -0.327 
  -0.124 
  -0.601 
  -0.036 
  -0.601 
   0.401 
   0.345 
   0.970 
  -0.287 
  -0.361 
   0.279 
  -0.430 
   0.319 
  -0.379 
   0.874 
   0.187 
   0.596 
  -0.218 
  -0.464 
  -0.587 
  -0.071 
  -0.148 
   0.407 
  -0.789 
  -0.720 
  -0.135 
  -0.603 
  -0.236 
   0.317 
   0.350 
  -0.452 
   0.147 
  -0.341 
   0.231 
   0.271 
  -0.215 
   0.497 
  -0.143 
   0.673 
  -0.595 
   0.397 
   0.188 
   0.223 
  -0.234 
  -0.020 
   0.564 
   1.082 
  -0.230 
   0.078 
  -0.783 
  -0.097 
  -0.694 
   0.636 
  -0.579 
  -0.019 
   0.971 
  -0.111 
  -0.106 
   0.356 
  -0.451 
   0.320 
   0.486 
  -0.285 
   0.022 
   0.416 
  -0.205 
   0.587 
  -0.055 
   0.499 
   0.269 
   0.385 
   0.928 
  -0.305 
   1.002 
   0.341 
   0.847 
  -0.437 
  -0.565 
  -0.791 
  -0.242 
  -0.467 
  -0.648 
   0.351 
  -0.553 
  -0.111 
   0.644 
  -0.514 
  -0.188 
   0.001 
  -0.118 
  -0.575 
   0.661 
   0.299 
   0.746 
  -0.667 
   0.234 
   0.511 
  -0.595 
   1.038 
   0.697 
  -0.149 
   0.123 
   0.724 
  -0.000 
  -0.517 
   0.039 
   0.432 
   0.708 
  -0.155 
  -0.444 
  -0.071 
   0.223 
  -0.237 
  -0.685 
  -0.203 
  -0.600 
  -0.009 
   0.493 
   0.056 
  -0.353 
  -0.436 
   0.248 
  -0.518 
  -0.219 
  -0.570 
  -0.601 
  -0.458 
   0.382 
   0.547 
  -0.204 
  -0.171 
   0.397 
  -0.690 
  -0.347 
  -0.034 
   0.801 
   0.453 
   0.088 
  -0.395 
   0.033 
   0.387 
   1.060 
   0.477 
  -0.248 
   0.899 
  -0.318 
   0.846 
   0.863 
   0.595 
   1.437 
  -0.763 
  -0.480 
   0.191 
   0.484 
  -0.778 
  -0.712 
   1.086 
   0.975 
   0.516 
  -0.490 
  -0.348 
  -0.016 
   0.993 
   0.268 
  -0.102 
   0.948 
  -0.570 
   0.331 
  -0.099 
   0.460 
  -0.607 
   0.599 
   0.473 
   0.666 
  -0.497 
   0.298 
   0.989 
  -0.087 
  -0.775 
   0.236 
  -0.745 
   0.767 
  -0.768 
   0.148 
  -0.641 
  -0.364 
  -0.545 
   0.034 
   0.742 
   0.108 
  -0.718 
  -0.727 
   0.652 
  -0.512 
   0.648 
   0.867 
   0.392 
  -0.074 
   0.740 
   0.856 
  -0.030 
   0.310 
   0.950 
   0.802 
   1.096 
   0.434 
  -0.067 
   0.245 
  -0.708 
   0.041 
  -0.731 
   0.300 
   0.612 
   0.256 
  -0.317 
   0.553 
   0.613 
   1.036 
   1.093 
  -0.684 
   0.498 
   0.101 
   0.227 
  -0.244 
  -0.257 
  -0.569 
   0.364 
   0.576 
   0.028 
   0.035 
   0.465 
  -0.458 
  -0.185 
   0.399 
  -0.481 
   0.620 
  -0.225 
   0.218 
   0.155 
   0.183 
   0.561 
   0.679 
   0.688 
   0.487 
  -0.305 
   0.317 
   0.357 
  -0.358 
   0.426 
  -0.126 
  -0.099 
  -0.277 
  -0.099 
   0.892 
  -0.318 
  -0.387 
   0.462 
  -0.181 
  -0.302 
  -0.427 
  -0.233 
   0.280 
  -0.638 
   0.123 
  -0.548 
  -0.164 
   0.115 
  -0.445 
   0.278 
   0.632 
  -0.141 
  -0.276 
   1.333 
  -0.305 
   0.184 
  -0.558 
  -0.046 
  -0.321 
  -0.264 
   0.102 
  -0.628 
  -0.436 
   0.360 
   0.653 
  -0.441 
   0.441 
   0.877 
  -0.700 
  -0.111 
  -0.614 
   0.737 
   0.117 
  -0.358 
  -0.685 
   0.871 
  -0.325 
   0.708 
   0.044 
   0.053 
  -0.727 
  -0.360 
   0.600 
   1.065 
   0.449 
  -0.278 
   0.145 
  -0.266 
   0.109 
  -0.442 
  -0.569 
   0.349 
   0.071 
  -0.002 
  -0.093 
   0.273 
   0.174 
   0.514 
  -0.282 
   0.089 
  -0.569 
   0.093 
   0.362 
   0.291 
  -0.359 
  -0.619 
   0.588 
   0.396 
   0.967 
   0.435 
   0.728 
   0.591 
  -0.099 
  -0.101 
   0.916 
   0.156 
   0.715 
   0.064 
   0.705 
   0.397 
   0.206 
   0.513 
   1.073 
   0.180 
  -0.554 
  -0.224 
   0.941 
   1.354 
  -0.652 
   0.289 
   1.097 
  -0.751 
   0.739 
  -0.452 
  -0.292 
  -0.291 
   0.682 
   0.601 
  -0.251 
  -0.580 
  -0.471 
   0.253 
  -0.509 
   0.158 
   0.602 
  -0.552 
   0.484 
   0.248 
   0.322 
  -0.740 
  -0.162 
  -0.545 
   0.018 
   0.051 
   0.355 
   0.466 
   0.592 
   0.366 
   0.881 
  -0.307 
   0.447 
   1.009 
  -0.389 
   0.862 
  -0.703 
   0.772 
  -0.199 
  -0.043 
   0.420 
  -0.017 
   0.122 
  -0.358 
   0.884 
  -0.305 
   0.682 
  -0.360 
   0.408 
   0.146 
  -0.310 
   0.115 
   0.777 
   0.923 
   0.104 
   0.596 
   0.313 
  -0.073 
  -0.013 
  -0.747 
   0.500 
   0.498 
   0.296 
   0.949 
   0.576 
  -0.743 
   0.464 
  -0.110 
  -0.128 
  -0.072 
   0.471 
   0.147 
  -0.627 
  -0.253 
  -0.210 
   0.278 
  -0.682 
  -0.496 
  -0.155 
   0.635 
   0.588 
   0.215 
  -0.559 
  -0.109 
   0.079 
   0.210 
   0.616 
   0.777 
   0.801 
  -0.335 
   0.635 
   0.583 
   0.149 
  -0.502 
  -0.274 
  -0.326 
   0.531 
  -0.433 
  -0.099 
   0.330 
   0.758 
   1.139 
  -0.275 
  -0.699 
  -0.463 
  -0.679 
   0.403 
  -0.008 
   0.207 
  -0.213 
   0.719 
   0.595 
   0.271 
   0.299 
  -0.482 
   0.594 
  -0.037 
  -0.470 
  -0.334 
   0.022 
  -0.712 
   0.478 
  -0.616 
   0.081 
   0.584 
  -0.535 
  -0.497 
   0.375 
  -0.041 
  -0.711 
   0.491 
   0.292 
  -0.520 
   1.056 
  -0.090 
  -0.215 
   0.491 
   0.268 
  -0.388 
  -0.706 
  -0.079 
   0.228 
  -0.622 
   0.083 
  -0.241 
  -0.611 
  -0.611 
  -0.064 
   0.324 
  -0.719 
   0.017 
  -0.163 
   0.234 
   0.417 
  -0.145 
   0.605 
   0.562 
  -0.546 
  -0.149 
   0.354 
   0.150 
   0.773 
   0.001 
   0.668 
   0.241 
  -0.067 
   0.314 
  -0.033 
   0.399 
  -0.708 
  -0.570 
  -0.713 
   0.462 
   0.067 
   0.886 
   0.334 
   0.421 
  -0.600 
   0.258 
  -0.712 
   0.878 
   0.156 
   1.006 
   0.599 
  -0.432 
  -0.251 
   0.666 
  -0.352 
   0.208 
  -0.736 
   0.891 
  -0.764 
   0.081 
  -0.520 
   0.428 
   0.993 
  -0.122 
  -0.044 
   1.059 
   0.379 
   1.215 
   1.721 
   0.473 
   0.456 
   0.075 
   0.903 
   0.282 
  -0.035 
   0.090 
  -0.499 
  -0.755 
   0.947 
   0.812 
   0.267 
   0.783 
  -0.759 
   0.114 
   0.268 
   0.089 
   0.144 
  -0.129 
   0.793 
   0.383 
   0.131 
  -0.159 
   0.433 
  -0.625 
   0.711 
  -0.158 
  -0.054 
   0.653 
  -0.399 
   0.077 
  -0.239 
   0.163 
   0.559 
   0.890 
  -0.696 
  -0.151 
  -0.647 
  -0.441 
  -0.129 
  -0.697 
   0.160 
   0.066 
  -0.103 
   0.482 
  -0.602 
  -0.603 
   0.076 
  -0.294 
   0.310 
   0.758 
   0.585 
  -0.552 
  -0.135 
   0.570 
  -0.722 
  -0.548 
   0.619 
  -0.072 
   1.038 
   0.129 
   0.551 
  -0.209 
   0.410 
   0.208 
  -0.210 
   0.176 
  -0.031 
   0.464 
   0.211 
   0.120 
   0.244 
  -0.016 
  -0.616 
  -0.054 
   0.941 
  -0.413 
   0.939 
   0.112 
   0.520 
   1.013 
  -0.313 
   0.393 
   0.038 
   0.608 
  -0.112 
   0.679 
   0.617 
   0.055 
   0.816 
   0.577 
  -0.159 
   0.518 
  -0.794 
   0.405 
   1.504 
   0.308 
   0.118 
   0.463 
  -0.075 
   0.770 
   0.756 
  -0.346 
   0.275 
  -0.577 
   0.528 
  -0.712 
   0.325 
  -0.036 
   0.413 
   0.140 
   0.234 
   1.010 
  -0.655 
  -0.662 
   0.095 
  -0.012 
   0.833 
   0.646 
   0.968 
   0.528 
   0.447 
   0.433 
  -0.729 
   0.633 
  -0.713 
   0.129 
  -0.764 
   0.623 
  -0.459 
  -0.264 
   0.512 
  -0.327 
  -0.737 
   0.319 
   0.504 
   0.940 
   0.701 
  -0.512 
   0.724 
   0.177 
