  -0.081 
  -0.054 
  -0.561 
  -0.302 
  -0.275 
  -0.105 
   0.196 
  -0.234 
   0.249 
   0.013 
   0.041 
   0.070 
  -0.270 
   0.125 
   0.178 
   0.035 
  -0.324 
  -0.237 
   0.012 
  -0.532 
  -0.104 
  -0.227 
   0.026 
  -0.383 
   0.112 
  -0.107 
  -0.483 
   0.242 
   0.156 
  -0.159 
  -0.160 
   0.227 
   0.123 
  -0.205 
  -0.191 
   0.451 
  -0.267 
  -0.019 
  -0.230 
   0.295 
   0.142 
  -0.250 
  -0.351 
  -0.022 
   0.099 
  -0.094 
   0.139 
   0.391 
   0.050 
   0.540 
  -0.523 
   0.120 
  -0.011 
   0.186 
   0.117 
  -0.118 
  -0.370 
  -0.193 
   0.097 
   0.153 
  -0.162 
   0.257 
  -0.038 
  -0.021 
  -0.038 
  -0.087 
   0.017 
  -0.026 
   0.174 
  -0.336 
  -0.057 
  -0.166 
   0.086 
   0.389 
   0.108 
  -0.112 
  -0.154 
  -0.015 
  -0.142 
   0.161 
  -0.023 
   0.146 
   0.085 
   0.116 
  -0.123 
   0.018 
  -0.163 
  -0.155 
  -0.160 
  -0.207 
  -0.225 
  -0.163 
   0.074 
  -0.213 
  -0.250 
  -0.382 
   0.039 
  -0.348 
  -0.022 
   0.088 
   0.194 
   0.018 
  -0.374 
  -0.362 
  -0.034 
   0.029 
  -0.008 
   0.142 
   0.415 
   0.094 
   0.031 
  -0.043 
  -0.029 
  -0.391 
   0.223 
  -0.073 
  -0.065 
  -0.041 
   0.254 
  -0.199 
   0.003 
   0.183 
   0.216 
   0.153 
  -0.046 
   0.091 
   0.134 
  -0.008 
  -0.011 
   0.188 
   0.086 
  -0.137 
   0.146 
  -0.227 
  -0.039 
  -0.337 
  -0.036 
   0.076 
   0.094 
   0.056 
   0.173 
  -0.104 
  -0.174 
   0.294 
  -0.091 
  -0.160 
   0.239 
   0.431 
   0.420 
  -0.163 
  -0.143 
  -0.246 
   0.203 
   0.087 
  -0.160 
  -0.294 
   0.094 
   0.332 
  -0.170 
   0.004 
   0.125 
  -0.349 
  -0.164 
   0.022 
  -0.251 
   0.047 
   0.006 
  -0.202 
  -0.052 
  -0.125 
  -0.027 
   0.650 
  -0.142 
   0.110 
  -0.156 
  -0.094 
   0.081 
   0.258 
   0.004 
   0.228 
   0.313 
   0.131 
   0.024 
   0.074 
   0.225 
   0.115 
  -0.279 
  -0.072 
   0.221 
   0.031 
   0.028 
  -0.054 
   0.300 
  -0.061 
   0.130 
  -0.371 
   0.084 
  -0.112 
  -0.058 
  -0.262 
   0.277 
   0.216 
   0.122 
   0.182 
  -0.223 
   0.015 
  -0.281 
  -0.014 
  -0.359 
  -0.029 
  -0.069 
  -0.067 
  -0.113 
   0.007 
  -0.088 
  -0.161 
   0.184 
   0.503 
   0.072 
  -0.576 
   0.116 
  -0.252 
  -0.085 
  -0.189 
  -0.142 
   0.056 
   0.045 
   0.100 
  -0.134 
  -0.104 
   0.052 
   0.002 
   0.307 
  -0.226 
  -0.137 
  -0.292 
   0.071 
   0.009 
  -0.213 
  -0.005 
  -0.041 
   0.012 
  -0.053 
   0.124 
   0.053 
   0.103 
   0.273 
  -0.028 
   0.061 
   0.109 
  -0.095 
  -0.271 
  -0.556 
  -0.166 
  -0.156 
  -0.087 
   0.142 
   0.011 
   0.060 
   0.039 
  -0.007 
  -0.058 
   0.001 
   0.136 
   0.115 
  -0.391 
   0.240 
   0.044 
   0.156 
   0.053 
   0.177 
   0.086 
  -0.574 
   0.086 
  -0.096 
   0.289 
  -0.246 
   0.948 
  -0.015 
   0.081 
   0.461 
   0.001 
   0.137 
   0.201 
   0.084 
  -0.007 
   0.051 
   0.207 
   0.422 
   0.314 
  -0.599 
  -0.371 
  -0.124 
  -0.107 
  -0.093 
   0.163 
   0.330 
   0.107 
  -0.013 
  -0.032 
   0.252 
  -0.003 
   0.133 
   0.162 
  -0.048 
  -0.225 
   0.145 
   0.209 
   0.140 
   0.002 
   0.042 
  -0.130 
  -0.233 
   0.015 
  -0.525 
   0.231 
   0.255 
  -0.075 
   0.083 
   0.248 
   0.008 
   0.107 
   0.041 
  -0.137 
  -0.044 
   0.242 
  -0.004 
  -0.018 
   0.097 
  -0.142 
   0.034 
  -0.605 
   0.477 
  -0.553 
  -0.434 
  -0.080 
   0.136 
  -0.277 
  -0.536 
  -0.338 
  -0.065 
  -0.015 
  -0.302 
  -0.124 
   0.007 
  -0.149 
  -0.045 
  -0.096 
  -0.131 
   0.095 
   0.022 
  -0.097 
   0.067 
   0.041 
  -0.091 
  -0.168 
  -0.154 
  -0.016 
   0.093 
   0.302 
   0.030 
  -0.243 
  -0.149 
   0.186 
  -0.172 
  -0.065 
   0.059 
  -0.116 
   0.144 
  -0.357 
   0.105 
  -0.006 
  -0.331 
  -0.217 
  -0.294 
  -0.306 
  -0.530 
   0.005 
  -0.032 
  -0.066 
   0.350 
   0.074 
  -0.076 
   0.132 
  -0.054 
   0.395 
   0.265 
   0.076 
   0.103 
   0.559 
  -0.022 
   0.149 
   0.076 
  -0.073 
  -0.040 
   0.203 
  -0.278 
   0.046 
   0.117 
  -0.130 
  -0.108 
  -0.435 
  -0.081 
  -0.051 
  -0.051 
  -0.056 
   0.069 
   0.000 
  -0.139 
  -0.007 
  -0.300 
   0.083 
   0.434 
  -0.009 
   0.019 
   0.096 
  -0.004 
   0.049 
  -0.376 
  -0.032 
  -0.045 
   0.116 
  -0.261 
  -0.119 
   0.290 
   0.231 
   0.441 
  -0.359 
   0.049 
  -0.259 
   0.138 
   0.019 
   0.189 
  -0.080 
   0.171 
  -0.056 
  -0.264 
   0.360 
   0.025 
  -0.158 
   0.088 
  -0.483 
  -0.080 
  -0.302 
   0.018 
  -0.034 
  -0.166 
   0.026 
   0.156 
  -0.002 
  -0.108 
   0.037 
   0.554 
  -0.278 
   0.166 
   0.301 
  -0.537 
   0.904 
  -0.425 
  -0.070 
   0.118 
   0.394 
  -0.344 
   0.399 
  -0.291 
  -0.408 
  -0.128 
  -0.402 
   0.023 
  -0.007 
  -0.199 
  -0.403 
   0.172 
   0.051 
   0.106 
   0.207 
  -0.256 
  -0.297 
  -0.183 
  -0.154 
  -0.174 
   0.227 
   0.200 
   0.066 
  -0.348 
   0.017 
   0.748 
   0.402 
  -0.032 
  -0.252 
  -0.175 
  -0.242 
  -0.345 
   0.033 
  -0.006 
   0.118 
   0.405 
   0.158 
  -0.119 
   0.004 
  -0.180 
  -0.013 
   0.155 
  -0.233 
  -0.190 
  -0.204 
   0.364 
   0.393 
   0.093 
  -0.021 
   0.210 
  -0.263 
   0.401 
  -0.078 
  -0.334 
   0.200 
  -0.039 
  -0.061 
  -0.016 
  -0.250 
   0.024 
   0.144 
   0.090 
  -0.220 
  -0.152 
   0.193 
  -0.106 
  -0.200 
   0.115 
  -0.084 
  -0.188 
   0.014 
  -0.219 
  -0.137 
  -0.235 
  -0.046 
  -0.103 
  -0.097 
   0.121 
  -0.337 
  -0.430 
  -0.281 
  -0.076 
   0.536 
   0.174 
   0.054 
   0.204 
   0.088 
   0.044 
  -0.208 
  -0.169 
  -0.308 
  -0.440 
  -0.047 
  -0.291 
   0.092 
   0.059 
  -0.087 
  -0.110 
  -0.391 
  -0.230 
  -0.006 
  -0.134 
  -0.010 
  -0.067 
   0.254 
  -0.214 
   0.008 
   0.249 
   0.025 
   0.037 
   0.099 
   0.125 
   0.143 
   0.117 
  -0.031 
   0.253 
   0.027 
  -0.232 
   0.157 
   0.257 
   0.326 
   0.070 
   0.062 
  -0.216 
   0.046 
  -0.214 
  -0.030 
  -0.144 
   0.194 
   0.214 
  -0.526 
  -0.028 
  -0.059 
  -0.237 
   0.371 
   0.143 
  -0.198 
   0.009 
   0.100 
   0.186 
  -0.094 
   0.100 
  -0.249 
   0.310 
  -0.049 
  -0.351 
  -0.324 
  -0.265 
   0.028 
  -0.075 
   0.330 
  -0.214 
  -0.262 
  -0.123 
   0.020 
  -0.367 
   0.098 
   0.099 
  -0.022 
   0.109 
   0.121 
  -0.203 
  -0.036 
  -0.161 
  -0.157 
  -0.176 
  -0.088 
   0.107 
  -0.114 
  -0.283 
   0.368 
  -0.343 
  -0.263 
   0.113 
  -0.162 
  -0.305 
  -0.249 
  -0.111 
  -0.145 
   0.217 
   0.084 
   0.122 
   0.192 
  -0.365 
  -0.040 
   0.201 
   0.025 
   0.113 
  -0.042 
   0.297 
   0.015 
   0.125 
   0.050 
   0.386 
   0.204 
   0.012 
  -0.172 
  -0.075 
  -0.116 
   0.381 
   0.240 
  -0.102 
  -0.114 
   0.282 
   0.016 
   0.203 
   0.429 
   0.703 
   0.647 
  -0.319 
   0.097 
  -0.122 
   0.824 
   0.405 
  -0.247 
   0.102 
  -0.138 
  -0.114 
   0.120 
  -0.109 
   0.257 
  -0.075 
  -0.100 
   0.141 
   0.007 
   0.526 
  -0.156 
  -0.193 
  -0.148 
  -0.257 
  -0.100 
   0.172 
   0.011 
  -0.323 
  -0.165 
   0.455 
  -0.212 
   0.080 
   0.099 
  -0.130 
  -0.599 
   0.264 
  -0.026 
  -0.106 
  -0.306 
  -0.092 
   0.248 
   0.161 
  -0.192 
   0.001 
  -0.156 
   0.296 
   0.064 
   0.073 
   0.515 
  -0.354 
   0.034 
   0.006 
  -0.150 
  -0.332 
  -0.264 
   0.068 
  -0.335 
  -0.005 
  -0.013 
   0.128 
   0.040 
   0.058 
  -0.236 
   0.261 
  -0.529 
  -0.135 
   0.290 
  -0.362 
   0.320 
   0.132 
   0.046 
  -0.170 
   0.246 
   0.081 
  -0.378 
   0.428 
  -0.020 
   0.076 
   0.173 
  -0.100 
  -0.174 
   0.242 
   0.401 
   0.064 
  -0.111 
  -0.411 
  -0.022 
   0.153 
   0.200 
   0.242 
   0.211 
  -0.079 
   0.027 
   0.786 
   0.140 
  -0.269 
  -0.021 
  -0.084 
  -0.023 
   0.441 
  -0.458 
  -0.280 
   0.072 
  -0.358 
  -0.371 
  -0.454 
  -0.235 
  -0.322 
   0.035 
   0.113 
   0.299 
  -0.297 
   0.326 
   0.513 
  -0.076 
  -0.008 
   0.017 
  -0.182 
   0.454 
  -0.498 
   0.414 
   0.369 
  -0.565 
  -0.036 
  -0.170 
  -0.173 
   0.132 
   0.150 
   0.183 
   0.036 
   0.168 
  -0.078 
  -0.158 
  -0.135 
  -0.424 
  -0.196 
  -0.129 
   0.180 
   0.135 
   0.143 
   0.071 
  -0.021 
  -0.116 
   0.336 
  -0.353 
   0.355 
  -0.418 
   0.139 
   0.062 
  -0.050 
   0.310 
  -0.165 
   0.138 
  -0.442 
   0.241 
   0.117 
   0.381 
  -0.011 
   0.000 
   0.059 
  -0.244 
   0.379 
   0.041 
  -0.273 
  -0.211 
   0.302 
  -0.491 
   0.350 
  -0.154 
   0.394 
  -0.104 
   0.221 
  -0.097 
   0.283 
  -0.444 
   0.709 
   0.347 
  -0.557 
   0.399 
  -0.142 
  -0.356 
   0.291 
  -0.489 
  -0.366 
   0.485 
   0.019 
  -0.084 
  -0.062 
   0.197 
  -0.461 
  -0.171 
  -0.051 
   0.100 
  -0.009 
  -0.007 
  -0.109 
  -0.247 
  -0.392 
  -0.109 
  -0.173 
  -0.186 
   0.190 
   0.061 
  -0.045 
  -0.392 
  -0.060 
   0.325 
  -0.086 
   0.217 
   0.383 
  -0.234 
  -0.089 
  -0.557 
  -0.183 
  -0.218 
  -0.119 
  -0.009 
   0.082 
   0.103 
   0.109 
   0.069 
  -0.438 
  -0.321 
  -0.049 
   0.383 
  -0.159 
  -0.251 
   0.072 
   0.225 
   0.255 
  -0.037 
   0.209 
   0.392 
  -0.216 
  -0.320 
  -0.223 
  -0.373 
  -0.121 
   0.030 
   0.258 
  -0.345 
  -0.214 
   0.199 
   0.149 
  -0.065 
  -0.345 
   0.304 
   0.139 
   0.126 
  -0.453 
   0.254 
   0.128 
  -0.035 
   0.189 
   0.296 
   0.128 
  -0.053 
  -0.076 
   0.192 
   0.005 
  -0.034 
  -0.020 
  -0.054 
  -0.057 
  -0.531 
  -0.394 
   0.029 
   0.299 
   0.037 
  -0.108 
   0.280 
  -0.579 
  -0.115 
   0.127 
   0.396 
   0.359 
   0.368 
   0.157 
   0.138 
   0.171 
   0.242 
   0.258 
  -0.192 
  -0.286 
   0.122 
  -0.055 
  -0.230 
  -0.192 
   0.357 
   0.081 
   0.007 
  -0.132 
  -0.169 
   0.142 
  -0.518 
  -0.135 
   0.254 
  -0.437 
   0.034 
   0.088 
   0.109 
   0.548 
  -0.091 
  -0.111 
  -0.324 
   0.015 
   0.164 
   0.067 
   0.153 
  -0.333 
  -0.172 
  -0.059 
   0.230 
  -0.060 
   0.288 
   0.109 
   0.051 
   0.023 
  -0.253 
  -0.066 
  -0.108 
   0.249 
   0.211 
  -0.082 
   0.134 
   0.007 
   0.138 
   0.114 
  -0.064 
  -0.088 
  -0.097 
  -0.030 
  -0.245 
   0.370 
   0.570 
   0.080 
   0.176 
  -0.064 
  -0.092 
  -0.258 
   0.002 
   0.096 
   0.121 
   0.850 
   0.818 
  -0.237 
   0.084 
  -0.043 
   0.168 
   0.306 
  -0.296 
   0.170 
   0.015 
  -0.074 
   0.248 
  -0.040 
  -0.008 
  -0.022 
  -0.388 
  -0.137 
  -0.497 
   0.056 
   0.081 
   0.342 
  -0.052 
  -0.158 
   0.005 
   0.011 
   0.033 
   0.152 
  -0.336 
  -0.071 
   0.048 
   0.081 
   0.111 
  -0.559 
   0.137 
  -0.141 
  -0.100 
  -0.281 
  -0.446 
  -0.287 
  -0.291 
  -0.299 
   0.055 
   0.185 
   0.044 
  -0.090 
   0.445 
   0.227 
  -0.280 
  -0.542 
  -0.347 
   0.026 
  -0.161 
  -0.388 
  -0.048 
  -0.030 
  -0.162 
  -0.168 
  -0.039 
   0.274 
  -0.004 
   0.017 
   0.006 
  -0.055 
  -0.053 
   0.528 
  -0.280 
  -0.397 
  -0.423 
  -0.008 
  -0.088 
  -0.306 
  -0.537 
   0.248 
   0.246 
  -0.067 
   0.164 
   0.155 
  -0.139 
   0.068 
   0.119 
   0.197 
   0.370 
   0.039 
  -0.133 
   0.158 
   0.241 
   0.003 
  -0.215 
   0.054 
  -0.025 
   0.150 
  -0.021 
  -0.011 
   0.275 
  -0.166 
   0.156 
  -0.026 
  -0.022 
  -0.065 
  -0.229 
  -0.013 
   0.061 
   0.046 
   0.218 
   0.077 
  -0.326 
   0.497 
   0.008 
  -0.119 
  -0.118 
   0.295 
   0.122 
   0.173 
  -0.010 
   0.060 
   0.246 
   0.167 
   0.261 
   0.029 
  -0.076 
  -0.369 
  -0.006 
   0.082 
   0.106 
   0.169 
  -0.105 
  -0.075 
   0.006 
  -0.072 
  -0.334 
  -0.120 
   0.079 
   0.143 
  -0.392 
   0.013 
   0.239 
   0.332 
   0.059 
  -0.031 
  -0.053 
   0.104 
   0.208 
  -0.082 
  -0.136 
  -0.075 
  -0.100 
   0.674 
   0.073 
   0.298 
   0.080 
   0.304 
  -0.500 
  -0.140 
  -0.123 
  -0.006 
  -0.474 
  -0.010 
  -0.080 
   0.145 
   0.217 
   0.030 
   0.107 
  -0.048 
   0.229 
   0.081 
  -0.011 
   0.074 
   0.279 
   0.191 
  -0.092 
   0.091 
  -0.153 
   0.028 
   0.220 
   0.246 
  -0.175 
  -0.235 
   0.080 
  -0.118 
  -0.090 
  -0.135 
  -0.328 
  -0.392 
   0.109 
   0.282 
   0.306 
   0.180 
  -0.152 
   0.074 
  -0.221 
   0.342 
   0.087 
   0.291 
   0.209 
   0.040 
  -0.510 
  -0.315 
  -0.121 
   0.138 
  -0.370 
   0.001 
   0.115 
  -0.212 
  -0.143 
   0.002 
  -0.147 
  -0.213 
   0.112 
   0.057 
  -0.304 
  -0.058 
   0.125 
   0.168 
   0.073 
  -0.006 
   0.053 
   0.006 
   0.116 
  -0.018 
   0.265 
  -0.140 
  -0.104 
  -0.281 
   0.091 
  -0.025 
   0.129 
   0.120 
   0.418 
  -0.428 
  -0.127 
  -0.326 
   0.111 
  -0.117 
  -0.498 
   0.344 
  -0.002 
  -0.217 
   0.307 
  -0.077 
  -0.083 
   0.293 
   0.015 
   0.188 
   0.041 
  -0.148 
  -0.110 
  -0.029 
   0.162 
   0.142 
   0.093 
  -0.463 
   0.367 
   0.064 
   0.179 
   0.264 
  -0.096 
   0.338 
   0.144 
  -0.235 
   0.183 
   0.029 
  -0.109 
  -0.214 
  -0.208 
  -0.258 
  -0.500 
  -0.093 
  -0.345 
  -0.149 
   0.038 
  -0.020 
  -0.048 
  -0.250 
  -0.197 
  -0.085 
   0.002 
   0.077 
   0.094 
   0.163 
  -0.201 
   0.257 
  -0.046 
   0.454 
   0.140 
  -0.126 
   0.060 
   0.141 
  -0.063 
  -0.281 
  -0.051 
  -0.024 
   0.227 
   0.264 
  -0.287 
  -0.295 
  -0.507 
   0.077 
  -0.611 
   0.091 
  -0.300 
   0.036 
   0.006 
  -0.143 
   0.025 
   0.048 
   0.078 
  -0.145 
   0.021 
   0.050 
  -0.052 
  -0.185 
  -0.199 
  -0.361 
  -0.135 
   0.119 
   0.405 
   0.103 
  -0.067 
  -0.035 
   0.105 
  -0.114 
  -0.139 
   0.102 
   0.137 
   0.160 
   0.025 
   0.072 
   0.067 
   0.324 
   0.396 
  -0.080 
  -0.111 
   0.235 
   0.148 
   0.263 
  -0.502 
   0.280 
   0.151 
   0.773 
  -0.614 
  -0.013 
  -0.007 
   0.352 
  -0.201 
  -0.285 
  -0.256 
   0.422 
   0.392 
   0.072 
  -0.033 
  -0.353 
  -0.139 
   0.193 
   0.329 
   0.063 
  -0.068 
  -0.546 
   0.365 
  -0.103 
   0.039 
  -0.162 
  -0.097 
  -0.150 
   0.042 
   0.029 
   0.082 
  -0.031 
   0.100 
   0.325 
  -0.285 
  -0.309 
  -0.056 
  -0.168 
   0.790 
  -0.609 
  -0.311 
  -0.145 
  -0.273 
   0.092 
  -0.522 
   0.067 
  -0.604 
   0.610 
  -0.097 
  -0.252 
  -0.270 
   0.069 
  -0.046 
   0.091 
   0.203 
   0.260 
   0.075 
   0.157 
   0.658 
   0.119 
   0.105 
   0.286 
   0.218 
   0.432 
   0.371 
  -0.511 
   0.142 
   0.268 
  -0.560 
  -0.091 
  -0.154 
   0.095 
  -0.515 
   0.480 
  -0.383 
   0.123 
  -0.108 
   0.356 
   0.550 
   0.452 
   0.429 
  -0.535 
  -0.429 
   0.205 
   0.124 
   0.022 
  -0.095 
  -0.121 
   0.152 
  -0.445 
   0.072 
   0.019 
   0.164 
  -0.163 
   0.498 
  -0.261 
  -0.249 
  -0.152 
   0.107 
  -0.241 
  -0.015 
   0.176 
  -0.089 
  -0.074 
   0.092 
  -0.022 
   0.117 
   0.702 
   0.024 
   0.043 
  -0.096 
   0.119 
   0.064 
  -0.209 
   0.294 
  -0.092 
  -0.297 
  -0.243 
  -0.487 
  -0.231 
   0.228 
  -0.381 
  -0.251 
   0.330 
  -0.045 
  -0.268 
   0.039 
  -0.084 
   0.082 
  -0.172 
   0.146 
  -0.399 
  -0.027 
   0.149 
   0.012 
   0.072 
   0.076 
  -0.204 
   0.092 
   0.669 
  -0.303 
  -0.157 
  -0.021 
  -0.409 
   0.163 
  -0.454 
  -0.128 
   0.250 
  -0.052 
  -0.068 
  -0.084 
   0.070 
   0.025 
  -0.003 
   0.294 
  -0.124 
  -0.077 
  -0.148 
   0.073 
  -0.354 
   0.266 
  -0.335 
  -0.317 
   0.207 
  -0.523 
  -0.304 
   0.125 
  -0.088 
   0.189 
  -0.150 
  -0.151 
   0.308 
   0.401 
   0.005 
  -0.070 
  -0.053 
  -0.130 
  -0.096 
  -0.293 
   0.008 
   0.217 
  -0.404 
  -0.222 
   0.031 
  -0.156 
   0.210 
  -0.419 
   0.208 
   0.317 
  -0.133 
  -0.109 
   0.007 
  -0.105 
   0.164 
   0.159 
  -0.222 
  -0.163 
   0.005 
  -0.217 
   0.104 
   0.384 
   0.230 
   0.436 
   0.147 
   0.050 
  -0.164 
   0.359 
   0.365 
   0.132 
  -0.068 
   0.149 
   0.199 
   0.000 
   0.221 
   0.409 
  -0.018 
  -0.088 
  -0.015 
   0.358 
   0.690 
  -0.196 
   0.157 
   0.433 
  -0.602 
  -0.505 
   0.075 
  -0.177 
   0.005 
  -0.144 
  -0.142 
   0.126 
   0.969 
  -0.314 
  -0.114 
  -0.014 
   0.055 
  -0.053 
   0.095 
   0.046 
  -0.556 
  -0.086 
   0.192 
   0.050 
  -0.122 
  -0.019 
  -0.225 
  -0.079 
  -0.180 
   0.073 
  -0.373 
  -0.202 
   0.022 
   0.035 
   0.161 
   0.298 
   0.159 
   0.003 
   0.345 
   0.077 
   0.198 
  -0.126 
   0.107 
  -0.165 
  -0.106 
   0.128 
  -0.215 
  -0.564 
  -0.083 
  -0.149 
   0.220 
   0.161 
   0.620 
   0.096 
   0.276 
  -0.052 
  -0.265 
  -0.372 
  -0.090 
   0.113 
   0.340 
   0.138 
   0.039 
   0.107 
   0.135 
  -0.076 
  -0.281 
  -0.482 
  -0.057 
   0.435 
  -0.148 
   0.285 
   0.598 
  -0.022 
  -0.370 
   0.266 
  -0.088 
   0.021 
   0.064 
   0.026 
  -0.058 
  -0.478 
  -0.252 
  -0.220 
  -0.188 
  -0.014 
  -0.226 
  -0.463 
  -0.352 
  -0.257 
   0.079 
   0.144 
   0.152 
  -0.191 
   0.027 
   0.228 
   0.005 
   0.059 
   0.113 
   0.244 
   0.131 
   0.658 
   0.027 
  -0.049 
  -0.036 
   0.094 
  -0.178 
   0.239 
  -0.411 
  -0.162 
   0.125 
   0.201 
   0.475 
  -0.127 
  -0.617 
  -0.233 
  -0.430 
  -0.213 
  -0.042 
   0.201 
  -0.085 
  -0.180 
   0.136 
   0.151 
   0.065 
   0.321 
  -0.026 
   0.149 
  -0.100 
  -0.223 
  -0.127 
  -0.013 
  -0.125 
  -0.110 
  -0.135 
   0.033 
  -0.482 
  -0.583 
   0.018 
   0.000 
   0.041 
  -0.288 
   0.177 
  -0.103 
  -0.134 
   0.046 
   0.000 
  -0.064 
   0.392 
  -0.057 
  -0.192 
  -0.066 
  -0.024 
   0.068 
  -0.240 
  -0.045 
   0.023 
  -0.045 
  -0.122 
  -0.299 
  -0.105 
  -0.243 
  -0.243 
   0.085 
  -0.120 
  -0.351 
  -0.181 
  -0.026 
  -0.058 
  -0.028 
   0.322 
   0.627 
  -0.185 
  -0.021 
  -0.089 
  -0.457 
  -0.212 
  -0.090 
   0.018 
   0.109 
  -0.062 
   0.223 
  -0.052 
   0.070 
   0.109 
   0.103 
  -0.046 
  -0.241 
  -0.361 
  -0.256 
   0.017 
   0.203 
   0.442 
   0.367 
   0.223 
  -0.451 
  -0.186 
  -0.135 
   0.295 
   0.178 
  -0.262 
   0.621 
  -0.283 
  -0.218 
  -0.124 
   0.083 
  -0.143 
  -0.084 
  -0.014 
   0.227 
  -0.188 
   0.115 
  -0.063 
  -0.129 
   0.410 
   0.015 
  -0.176 
   0.395 
   0.316 
  -0.244 
  -0.084 
   0.012 
   0.098 
   0.239 
   0.084 
  -0.094 
  -0.098 
   0.027 
  -0.351 
  -0.178 
   0.283 
   0.148 
   0.069 
   0.226 
  -0.038 
   0.148 
   0.063 
  -0.109 
   0.081 
  -0.107 
   0.210 
  -0.449 
  -0.174 
  -0.074 
  -0.023 
  -0.011 
  -0.169 
   0.154 
  -0.125 
   0.083 
   0.209 
  -0.032 
  -0.128 
  -0.030 
   0.311 
   0.002 
   0.226 
  -0.119 
  -0.118 
  -0.190 
  -0.232 
   0.007 
  -0.120 
  -0.045 
   0.004 
   0.033 
   0.350 
   0.119 
  -0.056 
  -0.085 
   0.105 
   0.175 
   0.002 
  -0.086 
   0.014 
   0.126 
  -0.001 
  -0.092 
   0.327 
  -0.049 
   0.374 
   0.265 
  -0.032 
  -0.060 
   0.433 
   0.003 
  -0.502 
  -0.029 
   0.106 
   0.020 
   0.013 
  -0.012 
   0.112 
   0.133 
  -0.149 
   0.155 
   0.277 
  -0.528 
   0.053 
   0.275 
   0.135 
   0.075 
   0.349 
  -0.279 
   0.542 
  -0.025 
   0.051 
   0.097 
   0.122 
   0.034 
  -0.238 
   0.233 
   0.020 
   0.050 
   0.074 
  -0.218 
   0.541 
   0.840 
   0.016 
  -0.080 
   0.331 
   0.074 
   0.214 
  -0.237 
   0.200 
   0.120 
   0.212 
  -0.537 
  -0.111 
  -0.055 
  -0.344 
   0.120 
   0.173 
  -0.032 
  -0.279 
  -0.066 
   0.036 
   0.346 
  -0.189 
  -0.213 
  -0.085 
   0.231 
  -0.144 
   0.250 
   0.668 
   0.304 
   0.084 
   0.155 
   0.141 
  -0.152 
   0.050 
  -0.136 
   0.067 
  -0.615 
   0.179 
   0.007 
   0.193 
   0.220 
  -0.353 
  -0.293 
  -0.369 
  -0.238 
  -0.053 
   0.276 
   0.037 
  -0.046 
   0.140 
   0.045 
