  -0.311 
   0.546 
  -0.097 
   0.197 
   0.294 
   0.367 
   0.080 
   1.210 
   1.216 
  -0.453 
   0.625 
  -0.521 
   0.356 
  -0.251 
  -0.048 
  -0.271 
  -0.176 
   0.145 
  -0.505 
  -0.221 
   0.049 
  -0.214 
   0.049 
   0.253 
   0.019 
   0.375 
  -0.002 
  -0.216 
  -0.312 
   0.076 
   0.449 
  -0.252 
   0.220 
  -0.470 
   0.023 
   0.667 
  -0.461 
   1.089 
   0.233 
  -0.040 
  -0.160 
  -0.471 
  -0.291 
   0.081 
  -0.589 
  -0.003 
  -0.174 
   0.914 
   0.411 
  -0.203 
   0.993 
  -0.025 
  -0.277 
   0.484 
   0.390 
   0.754 
  -0.383 
   0.040 
  -0.308 
  -0.048 
  -0.238 
  -0.616 
  -0.145 
   0.073 
   0.806 
   0.171 
   0.328 
   0.112 
   0.131 
  -0.677 
   1.325 
   0.301 
   0.137 
   0.116 
  -0.592 
  -0.090 
   0.300 
  -0.422 
  -0.106 
   0.823 
  -0.148 
  -0.279 
   0.318 
   0.053 
   0.255 
  -0.095 
  -0.225 
   0.497 
   0.265 
  -0.566 
   0.110 
   0.102 
  -0.122 
   0.035 
   0.332 
  -0.226 
  -0.335 
  -0.158 
  -0.025 
   0.155 
   0.894 
  -0.606 
  -0.256 
   0.088 
   0.334 
   0.008 
  -0.469 
  -0.256 
   0.027 
   0.364 
   0.307 
  -0.217 
   0.187 
  -0.002 
   0.079 
  -0.042 
  -0.264 
   0.689 
   0.089 
  -0.196 
   0.743 
  -0.771 
   0.029 
   0.178 
  -0.064 
  -0.326 
   0.450 
  -0.273 
   0.096 
   1.097 
  -0.259 
  -0.477 
  -0.164 
  -0.355 
  -0.253 
   0.543 
  -0.005 
  -0.019 
   0.356 
   0.453 
   0.284 
   0.325 
   0.045 
  -0.928 
  -0.110 
   0.688 
  -0.044 
  -0.003 
   0.318 
   0.123 
   0.020 
  -0.296 
  -0.068 
  -0.119 
  -0.469 
   0.143 
  -0.082 
   0.861 
   0.345 
   0.786 
   0.156 
  -0.357 
   0.623 
  -0.068 
  -0.191 
  -0.332 
   0.103 
  -0.361 
   0.185 
   0.109 
  -0.246 
  -0.072 
  -0.553 
  -0.059 
   0.000 
  -0.209 
   0.075 
   0.070 
  -0.007 
   0.141 
   0.650 
  -0.114 
  -0.610 
   0.278 
   0.335 
   0.755 
   0.066 
  -0.096 
  -0.595 
   0.319 
  -0.183 
   0.040 
  -0.388 
  -0.329 
  -0.607 
  -0.537 
   0.442 
   0.313 
   0.024 
   0.478 
  -0.278 
  -0.363 
  -0.603 
  -0.288 
   0.053 
   0.152 
  -0.078 
   0.145 
  -0.515 
  -0.011 
  -0.451 
  -0.171 
   0.038 
   0.124 
   0.784 
  -0.624 
   0.163 
  -0.093 
  -0.351 
  -0.002 
   1.227 
  -0.930 
  -0.058 
   0.038 
  -0.248 
   0.270 
  -0.064 
   1.327 
   0.404 
  -0.231 
   0.593 
  -0.157 
   0.138 
  -0.216 
  -0.580 
  -0.058 
  -0.008 
  -0.098 
   0.664 
  -0.290 
   0.124 
  -0.302 
  -0.546 
  -0.060 
  -0.271 
   1.171 
  -0.188 
  -0.287 
  -0.019 
  -0.053 
   0.317 
  -0.400 
  -0.509 
   0.330 
   0.816 
  -0.128 
  -0.209 
  -0.844 
  -0.637 
  -0.326 
   0.148 
  -0.381 
  -0.163 
   0.409 
   0.544 
   0.133 
   0.158 
   0.833 
   0.400 
   0.276 
   0.597 
   0.044 
  -0.624 
   0.275 
  -0.475 
  -0.251 
  -0.164 
  -0.790 
   0.599 
  -0.400 
   0.396 
  -0.308 
  -0.099 
   0.415 
   0.429 
   0.081 
   1.041 
  -0.018 
  -0.068 
  -0.532 
  -0.888 
  -0.336 
   0.111 
   0.430 
   0.549 
   0.043 
   0.167 
  -0.524 
   0.298 
  -0.483 
  -0.252 
   0.481 
   1.134 
   0.030 
  -0.007 
   0.171 
  -0.333 
   0.002 
   0.228 
   0.829 
  -0.296 
  -0.381 
  -0.379 
  -0.553 
   0.147 
  -0.215 
   0.362 
  -0.029 
  -0.356 
   0.184 
   0.299 
   0.015 
  -0.316 
   0.362 
  -0.068 
  -0.117 
  -0.162 
   0.122 
   0.140 
   0.049 
  -0.863 
   0.239 
  -0.072 
  -0.159 
   0.640 
   1.528 
   0.010 
  -0.295 
  -0.204 
   0.750 
  -0.474 
  -0.612 
   0.089 
   0.331 
   0.321 
  -0.210 
   0.694 
   0.359 
   0.126 
  -0.413 
   0.120 
   0.106 
  -0.235 
   1.238 
  -0.076 
   0.026 
  -0.369 
  -0.111 
  -0.367 
   0.287 
   0.001 
   0.239 
  -0.189 
   0.294 
  -0.000 
  -0.235 
   1.132 
   0.055 
  -0.283 
  -0.072 
  -0.208 
   0.320 
  -0.070 
  -0.333 
  -0.280 
  -0.251 
   0.026 
  -0.583 
  -0.031 
  -0.006 
  -0.562 
   0.121 
   1.343 
   0.068 
  -0.175 
   0.370 
   0.101 
  -0.274 
   0.023 
  -0.195 
  -0.439 
   0.001 
   0.796 
   0.149 
   0.870 
  -0.201 
   0.215 
   0.271 
   0.330 
   0.060 
  -0.897 
   0.366 
   0.141 
   0.239 
  -0.248 
   0.492 
  -0.229 
   0.076 
   0.314 
  -0.873 
   0.079 
   0.004 
  -0.283 
   0.198 
   0.501 
  -0.389 
   0.734 
  -0.129 
   0.333 
   0.906 
   0.788 
  -0.185 
   0.065 
   0.168 
  -0.310 
   0.445 
   0.002 
  -0.154 
   0.033 
   0.028 
  -0.455 
   0.927 
   0.242 
   0.750 
  -0.085 
  -0.342 
   0.385 
  -0.333 
   0.362 
   0.289 
   0.702 
   0.497 
   1.344 
  -0.103 
  -0.309 
   0.250 
  -0.063 
   0.634 
   0.302 
  -0.193 
  -0.027 
  -0.412 
   0.156 
  -0.884 
  -0.150 
   0.695 
   0.084 
  -0.185 
  -0.360 
  -0.326 
  -0.321 
  -0.042 
  -0.281 
   1.192 
  -0.191 
  -0.455 
  -0.074 
   0.033 
  -0.250 
  -0.093 
   0.429 
   0.776 
  -0.041 
   0.473 
  -0.245 
   0.082 
   0.018 
  -0.480 
  -0.236 
   0.265 
   0.211 
   0.761 
  -0.008 
   0.016 
   0.176 
  -0.311 
   0.100 
   0.038 
   0.088 
   0.070 
   0.220 
   0.615 
   0.012 
   0.238 
   0.007 
   0.059 
  -0.241 
   0.083 
  -0.140 
   0.104 
   0.309 
   0.074 
   0.020 
   0.176 
  -0.053 
   0.522 
   0.452 
  -0.182 
   0.114 
   1.496 
   0.052 
   0.271 
   0.016 
   0.632 
   0.414 
  -0.272 
   0.316 
   1.411 
   0.830 
   0.152 
  -0.576 
  -0.545 
  -0.078 
   0.145 
  -0.225 
  -0.217 
   0.349 
   0.023 
   0.376 
   0.418 
  -0.150 
   0.425 
   0.268 
   0.061 
   0.709 
   0.237 
   0.444 
   0.058 
  -0.111 
   0.715 
   0.538 
   1.248 
   0.758 
  -0.197 
   0.015 
   0.402 
   0.690 
   0.036 
   0.248 
  -0.184 
  -0.550 
   0.497 
  -0.034 
  -0.004 
  -0.252 
   0.029 
  -0.017 
   0.206 
  -0.032 
  -0.190 
   0.146 
  -0.361 
  -0.310 
  -0.269 
   0.168 
  -0.382 
  -0.234 
   1.258 
   0.569 
   0.750 
   1.426 
  -0.250 
   0.975 
  -0.591 
   0.256 
   0.208 
   0.143 
   0.057 
   0.113 
   0.257 
   0.097 
   0.336 
  -0.621 
  -0.137 
   1.188 
  -0.070 
   0.940 
  -0.015 
  -0.249 
   0.247 
   0.386 
  -0.228 
   0.233 
   0.146 
  -0.311 
  -0.203 
  -0.003 
  -0.486 
   0.318 
   0.741 
   0.089 
   0.183 
  -0.375 
  -0.137 
   0.411 
  -0.259 
   0.275 
   0.335 
   0.049 
  -0.438 
  -0.228 
   0.126 
   0.328 
  -0.297 
  -0.331 
  -0.281 
   1.475 
   0.146 
  -0.866 
   0.486 
  -0.388 
  -0.192 
  -0.250 
   0.176 
  -0.112 
  -0.073 
  -0.585 
  -0.310 
   0.130 
   0.121 
  -0.212 
   0.758 
  -0.189 
  -0.031 
   0.869 
  -0.328 
  -0.013 
  -0.498 
   0.129 
   0.019 
  -0.194 
  -0.790 
   0.615 
   0.247 
  -0.268 
   0.030 
  -0.082 
   0.234 
  -0.425 
  -0.059 
   0.316 
   0.286 
  -0.009 
   0.334 
  -0.575 
   1.461 
  -0.172 
   0.783 
   0.026 
  -0.257 
  -0.327 
  -0.219 
  -0.159 
   0.047 
   0.822 
   0.183 
   0.354 
  -0.042 
  -0.469 
  -0.316 
   0.490 
   0.030 
   0.324 
   0.061 
   0.784 
   0.389 
   0.648 
  -0.392 
  -0.014 
  -0.269 
  -0.198 
   0.051 
   0.388 
   0.151 
   0.609 
  -0.256 
  -0.305 
  -0.296 
  -0.067 
  -0.348 
   0.536 
  -0.638 
   0.051 
   0.028 
   0.995 
  -0.152 
  -0.458 
   0.934 
  -0.239 
   0.014 
   0.264 
   0.255 
  -0.408 
   0.228 
  -0.298 
  -0.251 
  -0.360 
   0.191 
   0.932 
   1.323 
  -0.267 
  -0.689 
  -0.253 
  -0.020 
   0.124 
   0.036 
   0.258 
  -0.314 
  -0.542 
  -0.312 
   0.643 
   0.167 
  -0.053 
   0.597 
  -0.324 
  -0.208 
  -0.104 
   0.702 
   0.164 
  -0.282 
   0.302 
   0.065 
   0.764 
  -0.120 
   0.020 
   0.716 
  -0.135 
  -0.003 
   0.724 
   0.484 
   0.053 
  -0.210 
   0.202 
   0.835 
   0.518 
  -0.564 
  -0.073 
   0.212 
   0.037 
  -0.271 
   1.223 
  -0.293 
   0.175 
  -0.550 
   0.091 
   0.785 
  -0.159 
  -0.230 
  -0.133 
  -0.280 
  -0.313 
  -0.175 
  -0.047 
  -0.181 
  -0.340 
   0.222 
   0.223 
   1.383 
  -0.140 
   0.868 
   0.550 
  -0.342 
  -0.059 
   0.123 
   0.107 
  -0.076 
   0.658 
  -0.251 
   0.722 
   1.484 
   0.041 
   0.041 
  -0.010 
   0.039 
  -0.222 
  -0.315 
  -0.254 
   0.002 
   0.312 
   0.245 
   0.126 
  -0.075 
   0.253 
  -0.375 
   0.099 
   0.475 
   0.818 
   1.292 
   0.241 
  -0.155 
  -0.403 
   0.947 
   0.759 
   0.075 
   0.408 
  -0.816 
   0.116 
  -0.003 
  -0.932 
   0.154 
  -0.171 
   0.076 
   0.336 
   1.047 
   0.077 
   0.090 
  -0.296 
  -0.248 
   0.036 
   0.132 
   0.795 
  -0.328 
  -0.166 
  -0.600 
  -0.292 
   0.672 
  -0.518 
   0.009 
  -0.280 
  -0.341 
  -0.341 
   0.421 
  -0.048 
   0.246 
   0.278 
   0.795 
   0.168 
   0.437 
  -0.894 
   0.340 
  -0.386 
  -0.283 
  -0.327 
  -0.203 
   0.519 
   0.496 
   0.232 
  -0.270 
  -0.546 
  -0.088 
   0.810 
  -0.216 
  -0.132 
   0.082 
  -0.061 
   0.147 
   0.368 
   1.267 
   0.365 
  -0.419 
   0.927 
  -0.262 
  -0.207 
   0.361 
  -0.151 
   0.367 
  -0.419 
  -0.575 
  -0.298 
  -0.302 
   0.357 
   0.742 
  -0.294 
  -0.319 
   0.218 
   0.298 
  -0.267 
  -0.530 
   0.231 
  -0.428 
   0.331 
   1.151 
   0.046 
  -0.071 
  -0.309 
  -0.273 
   0.269 
   1.602 
   0.861 
   0.032 
   0.730 
   0.194 
   0.205 
  -0.438 
  -0.203 
  -0.397 
  -0.402 
  -0.123 
  -0.293 
  -0.337 
  -0.288 
  -0.519 
  -0.070 
  -0.370 
  -0.394 
   0.035 
  -0.011 
   0.152 
  -0.303 
   0.388 
  -0.251 
   0.498 
   0.746 
   0.046 
   0.460 
  -0.257 
  -0.243 
  -0.198 
  -0.175 
  -0.213 
  -0.358 
  -0.103 
   0.688 
   0.198 
  -0.345 
   0.472 
  -0.499 
  -0.231 
   0.222 
   0.582 
  -0.208 
   0.029 
   0.060 
  -0.328 
   1.075 
   0.195 
   1.275 
  -0.074 
  -0.231 
   0.166 
   0.158 
   0.153 
  -0.870 
   0.133 
   0.566 
   0.091 
   0.178 
   0.762 
  -0.013 
  -0.556 
  -0.384 
  -0.143 
   0.041 
  -0.308 
  -0.292 
   0.659 
   0.286 
  -0.191 
  -0.544 
  -0.246 
  -0.036 
   1.299 
  -0.275 
   0.244 
   0.042 
  -0.119 
  -0.626 
  -0.405 
   0.002 
  -0.317 
  -0.385 
  -0.574 
   0.422 
   0.231 
  -0.030 
   0.119 
  -0.101 
   1.040 
   0.135 
   0.134 
   0.010 
   0.301 
  -0.260 
  -0.459 
  -0.558 
  -0.069 
  -0.073 
   1.161 
  -0.111 
   0.364 
   0.412 
  -0.213 
   0.302 
   0.731 
   0.267 
   0.244 
  -0.163 
   0.032 
  -0.049 
   0.234 
   0.064 
   0.082 
   0.085 
   0.415 
  -0.317 
  -0.241 
   0.251 
   0.055 
  -0.586 
  -0.256 
   0.467 
  -0.363 
  -0.325 
   0.676 
   0.722 
   0.057 
  -0.465 
  -0.002 
  -0.097 
   0.293 
   0.100 
  -0.571 
   0.037 
  -0.114 
  -0.182 
   0.053 
   0.162 
   1.204 
   1.160 
   0.084 
   1.030 
  -0.269 
   0.246 
  -0.547 
  -0.180 
  -0.180 
   0.414 
   0.132 
   0.088 
   0.215 
  -0.233 
   0.291 
   0.120 
  -0.282 
  -0.371 
   0.021 
   1.268 
  -0.314 
  -0.494 
   0.458 
   0.023 
   0.200 
   0.610 
  -0.313 
   0.252 
  -0.298 
   0.818 
   0.526 
   0.002 
  -0.319 
   0.088 
   0.712 
  -0.317 
   0.007 
  -0.411 
  -0.343 
  -0.322 
  -0.279 
   0.433 
  -0.380 
  -0.255 
   0.159 
  -0.844 
  -0.025 
   0.424 
   0.271 
  -0.117 
   0.024 
   0.092 
  -0.261 
  -0.436 
   0.164 
   0.862 
  -0.250 
   0.035 
   0.000 
  -0.477 
  -0.510 
   0.032 
   1.422 
   0.026 
  -0.150 
  -0.184 
  -0.583 
  -0.722 
   0.219 
  -0.594 
  -0.253 
   0.481 
  -0.328 
  -0.328 
  -0.278 
   0.549 
   1.298 
   0.681 
   0.191 
  -0.601 
  -0.903 
  -0.115 
  -0.057 
  -0.189 
  -0.360 
  -0.099 
   0.044 
   0.516 
  -0.028 
  -0.311 
  -0.249 
   0.046 
   0.717 
   0.026 
   0.647 
  -0.142 
   0.005 
   0.045 
  -0.109 
  -0.469 
  -0.228 
  -0.249 
  -0.241 
  -0.038 
   0.023 
   0.337 
   0.072 
   0.426 
  -0.210 
  -0.050 
   0.793 
   1.205 
  -0.449 
  -0.081 
   0.065 
  -0.193 
   0.091 
   0.715 
   0.383 
   1.301 
   0.104 
  -0.056 
  -0.091 
   0.676 
  -0.176 
   1.005 
   0.293 
   0.041 
  -0.602 
  -0.262 
   0.425 
  -0.284 
   0.310 
   0.079 
  -0.472 
   0.264 
  -0.203 
  -0.252 
   0.684 
  -0.358 
   0.207 
  -0.111 
   0.013 
   0.328 
  -0.391 
  -0.346 
  -0.299 
  -0.131 
   0.138 
   0.004 
  -0.509 
  -0.139 
   0.479 
  -0.300 
  -0.025 
   0.623 
   0.016 
  -0.369 
  -0.563 
   0.734 
   0.511 
  -0.295 
   0.277 
   0.391 
  -0.125 
   0.086 
   0.056 
   0.667 
  -0.288 
   0.064 
   0.232 
   0.234 
  -0.032 
  -0.042 
   0.449 
  -0.043 
   0.190 
   0.238 
  -0.196 
   0.414 
  -0.895 
  -0.270 
   0.172 
  -0.348 
   0.103 
   0.482 
  -0.600 
  -0.254 
  -0.201 
   0.150 
  -0.225 
   0.102 
  -0.277 
  -0.276 
   1.161 
   0.051 
   0.483 
  -0.116 
   0.713 
  -0.199 
  -0.084 
  -0.102 
  -0.269 
  -0.272 
   0.313 
  -0.483 
   0.021 
   0.058 
   0.428 
  -0.296 
   0.726 
   0.281 
   0.332 
  -0.260 
   0.139 
  -0.004 
   0.092 
   1.139 
  -0.003 
   0.777 
   0.240 
  -0.230 
  -0.267 
   0.013 
   0.082 
  -0.538 
   0.073 
   0.766 
   0.130 
   0.460 
   0.286 
  -0.289 
  -0.013 
   0.680 
   0.341 
   0.068 
  -0.096 
   0.286 
  -0.242 
   0.361 
   0.367 
  -0.216 
   0.063 
   0.720 
   0.099 
  -0.185 
   0.779 
   0.827 
   0.057 
   0.226 
   0.054 
  -0.292 
   0.623 
  -0.039 
   0.318 
  -0.376 
   0.125 
   0.286 
  -0.200 
   0.994 
  -0.314 
   0.375 
  -0.034 
  -0.259 
  -0.062 
  -0.196 
   0.400 
   0.057 
   0.285 
  -0.264 
   0.135 
   1.093 
  -0.413 
   0.138 
   0.490 
   0.798 
   0.091 
   0.364 
  -0.200 
   0.837 
  -0.089 
   0.362 
   0.829 
   0.384 
   0.139 
  -0.148 
   0.211 
   0.046 
  -0.170 
   0.371 
   0.122 
   0.068 
  -0.088 
  -0.457 
   0.776 
   0.187 
   0.536 
  -0.389 
  -0.108 
   0.173 
  -0.008 
   0.653 
  -0.172 
   0.464 
   0.024 
  -0.234 
  -0.303 
  -0.017 
   0.455 
  -0.478 
  -0.589 
   0.815 
   0.506 
   0.030 
   0.375 
  -0.041 
  -0.352 
   0.440 
   1.019 
   1.129 
   0.787 
   0.270 
   0.037 
  -0.190 
  -0.406 
  -0.146 
   0.159 
   0.395 
   0.082 
   0.233 
   0.041 
   0.120 
   0.238 
   0.027 
   0.073 
  -0.262 
   0.312 
   0.227 
   0.011 
  -0.607 
  -0.334 
  -0.591 
  -0.331 
   0.112 
  -0.131 
  -0.265 
   0.095 
   1.402 
  -0.294 
   0.081 
  -0.398 
   0.810 
   0.536 
  -0.008 
   0.008 
  -0.430 
  -0.130 
   0.061 
   1.054 
  -0.004 
  -0.240 
  -0.289 
   0.032 
  -0.067 
   0.686 
  -0.697 
  -0.368 
   0.730 
  -0.305 
   0.113 
  -0.345 
   0.348 
   0.301 
   0.089 
   0.051 
   0.747 
   1.031 
   0.450 
  -0.037 
  -0.320 
  -0.034 
   0.272 
   0.758 
   0.457 
  -0.315 
  -0.264 
  -0.071 
  -0.552 
   0.038 
  -0.245 
  -0.448 
   0.097 
   0.055 
  -0.760 
  -0.100 
  -0.001 
   0.257 
  -0.296 
  -0.398 
   0.141 
   0.358 
   0.347 
  -0.238 
   0.379 
   0.148 
   0.073 
   1.334 
   0.039 
  -0.241 
   0.164 
   1.248 
  -0.302 
   0.232 
  -0.191 
   0.325 
  -0.282 
  -0.038 
  -0.391 
  -0.395 
   0.803 
   0.457 
  -0.305 
  -0.313 
  -0.269 
  -0.323 
  -0.193 
  -0.200 
   0.163 
   0.307 
   0.713 
  -0.479 
   0.755 
  -0.198 
   0.730 
   0.108 
  -0.760 
  -0.223 
   0.433 
   0.194 
   0.443 
   0.008 
  -0.817 
  -0.135 
   0.393 
   0.038 
   0.700 
   0.014 
   0.103 
  -0.146 
  -0.285 
  -0.098 
  -0.136 
  -0.105 
  -0.151 
   0.809 
  -0.511 
  -0.883 
  -0.289 
   0.219 
  -0.850 
  -0.036 
  -0.241 
  -0.418 
  -0.046 
   0.233 
  -0.913 
  -0.243 
  -0.144 
   0.902 
   0.254 
   0.315 
  -0.429 
  -0.034 
  -0.120 
   0.715 
   0.596 
   1.252 
   0.360 
  -0.184 
  -0.216 
   0.023 
   0.348 
  -0.181 
   0.145 
   0.903 
  -0.250 
  -0.376 
   0.040 
  -0.231 
  -0.141 
   0.168 
   1.069 
  -0.236 
  -0.290 
   0.013 
  -0.344 
   0.218 
  -0.319 
  -0.002 
  -0.623 
  -0.351 
   0.063 
   0.424 
   0.432 
  -0.231 
  -0.091 
  -0.138 
  -0.077 
   0.129 
   0.381 
   0.148 
  -0.366 
  -0.252 
  -0.472 
   0.301 
   0.351 
   0.632 
   0.137 
   1.136 
   0.527 
  -0.107 
  -0.136 
   0.002 
  -0.323 
   0.053 
  -0.711 
   0.147 
  -0.372 
  -0.318 
   0.707 
   0.245 
  -0.031 
  -0.245 
  -0.018 
   0.276 
  -0.269 
  -0.530 
   0.342 
   0.202 
  -0.285 
   0.321 
   0.432 
   0.171 
  -0.178 
   0.185 
  -0.114 
  -0.369 
   0.216 
   0.005 
  -0.019 
  -0.247 
   0.439 
   0.159 
   0.205 
   1.167 
   0.522 
   0.831 
  -0.237 
  -0.144 
  -0.280 
   0.150 
  -0.126 
   0.654 
   0.510 
   1.123 
   0.578 
  -0.197 
   0.751 
  -0.256 
   0.187 
  -0.242 
  -0.241 
   0.333 
  -0.177 
   1.075 
   0.890 
   0.147 
   0.013 
  -0.064 
  -0.224 
   0.064 
  -0.162 
  -0.050 
  -0.514 
  -0.836 
   1.126 
  -0.348 
  -0.631 
   0.011 
  -0.251 
  -0.460 
  -0.300 
   0.377 
   0.050 
  -0.562 
  -0.337 
   0.164 
   0.865 
   0.392 
   0.187 
   0.919 
  -0.075 
   0.038 
  -0.012 
  -0.450 
   0.999 
   0.785 
   0.301 
  -0.269 
  -0.268 
   0.646 
  -0.502 
   0.287 
  -0.036 
   0.265 
   0.272 
   0.252 
  -0.172 
   0.006 
   0.243 
  -0.489 
   0.231 
   0.181 
  -0.107 
   0.014 
  -0.469 
   0.453 
   0.666 
   0.192 
   0.446 
   0.011 
  -0.091 
  -0.260 
  -0.306 
  -0.236 
  -0.385 
  -0.248 
   0.606 
  -0.291 
  -0.550 
   0.236 
   0.286 
  -0.029 
  -0.327 
   0.759 
   0.194 
  -0.253 
   0.305 
  -0.266 
  -0.028 
  -0.272 
   0.261 
  -0.267 
   0.728 
  -0.123 
   0.008 
   0.177 
  -0.560 
   0.600 
  -0.245 
  -0.030 
  -0.147 
   0.045 
   0.043 
  -0.892 
  -0.380 
  -0.352 
  -0.569 
  -0.270 
   0.671 
  -0.024 
   0.336 
   0.773 
  -0.169 
   0.231 
  -0.569 
  -0.382 
  -0.658 
   0.522 
  -0.653 
  -0.093 
  -0.279 
  -0.019 
   0.308 
  -0.503 
  -0.013 
  -0.293 
   0.261 
   0.394 
   0.210 
  -0.069 
  -0.604 
   0.686 
   0.148 
   0.521 
   1.528 
   0.259 
  -0.128 
   0.424 
  -0.219 
   0.048 
   0.723 
  -0.922 
   0.761 
   0.086 
   0.919 
  -0.458 
  -0.056 
  -0.000 
   0.324 
   0.616 
   0.660 
  -0.038 
   0.702 
  -0.107 
  -0.532 
   0.343 
  -0.244 
   1.131 
   0.771 
  -0.181 
   0.123 
  -0.155 
   0.928 
   0.070 
   0.042 
  -0.066 
  -0.328 
   0.399 
  -0.186 
   0.529 
   0.001 
  -0.714 
  -0.496 
   0.012 
   0.252 
   0.127 
  -0.670 
   0.435 
  -0.622 
  -0.924 
   0.200 
   0.744 
   0.511 
   0.537 
   0.257 
  -0.239 
   0.398 
   0.176 
  -0.098 
  -0.182 
  -0.093 
  -0.328 
  -0.281 
  -0.387 
  -0.073 
   0.773 
   0.131 
   1.535 
   0.872 
   0.833 
  -0.275 
  -0.319 
   0.429 
   0.176 
  -0.152 
  -0.142 
  -0.030 
   0.098 
   0.149 
  -0.387 
  -0.387 
  -0.475 
  -0.287 
  -0.547 
   0.020 
  -0.020 
   0.027 
   0.726 
   0.521 
  -0.248 
   0.076 
   0.103 
   0.457 
  -0.231 
  -0.148 
   0.263 
   0.321 
   0.435 
   0.335 
   0.292 
   0.369 
   0.163 
   0.156 
   0.813 
  -0.235 
  -0.701 
  -0.257 
  -0.347 
  -0.526 
  -0.269 
   0.363 
  -0.197 
  -0.304 
  -0.019 
  -0.073 
  -0.331 
   0.021 
   0.057 
   0.394 
   0.316 
  -0.338 
   0.250 
   0.821 
   0.749 
  -0.197 
   0.739 
  -0.214 
  -0.145 
  -0.687 
   0.751 
   0.310 
   0.059 
   0.162 
   0.771 
  -0.352 
  -0.026 
   0.693 
   0.032 
  -0.189 
   1.327 
   0.145 
   0.325 
   0.305 
   0.789 
  -0.314 
  -0.043 
   0.164 
   0.299 
  -0.284 
  -0.015 
   0.114 
  -0.545 
   0.231 
  -0.244 
   0.218 
   0.651 
  -0.016 
   0.754 
   0.070 
   0.084 
   0.735 
   0.472 
   0.403 
   0.251 
  -0.042 
   0.114 
  -0.265 
   0.177 
   0.658 
   0.213 
   1.269 
  -0.093 
   0.078 
  -0.201 
  -0.381 
   0.564 
  -0.121 
   0.134 
   0.646 
  -0.202 
  -0.167 
   0.262 
   0.399 
