  -0.453 
   0.116 
   0.118 
   0.128 
   0.048 
   0.132 
   0.050 
   0.780 
   0.785 
   0.296 
  -0.064 
  -0.059 
   0.091 
   0.013 
  -0.049 
  -0.006 
  -0.032 
  -0.089 
  -0.222 
   0.048 
   0.001 
  -0.216 
  -0.516 
  -0.011 
  -0.049 
   0.111 
   0.007 
  -0.002 
  -0.048 
   0.219 
   0.202 
   0.013 
  -0.027 
  -0.008 
  -0.007 
  -0.023 
   0.001 
   0.658 
  -0.001 
  -0.324 
  -0.070 
  -0.189 
  -0.206 
  -0.026 
   0.080 
  -0.127 
  -0.071 
  -0.316 
   0.483 
   0.164 
   0.062 
   0.562 
  -0.055 
  -0.062 
   0.237 
   0.247 
   0.064 
  -0.118 
  -0.207 
  -0.164 
  -0.077 
  -0.024 
  -0.154 
  -0.001 
   0.044 
   0.117 
   0.102 
   0.082 
   0.043 
  -0.115 
  -0.215 
   0.894 
   0.232 
   0.108 
   0.116 
  -0.130 
  -0.081 
   0.054 
   0.040 
  -0.107 
   0.134 
  -0.139 
  -0.343 
  -0.015 
   0.175 
   0.062 
   0.186 
  -0.086 
  -0.225 
   0.354 
   0.001 
  -0.104 
   0.109 
   0.101 
   0.022 
   0.044 
   0.190 
  -0.369 
  -0.071 
  -0.159 
   0.190 
  -0.091 
   0.463 
  -0.250 
   0.008 
   0.020 
   0.069 
  -0.238 
  -0.008 
   0.008 
  -0.315 
   0.036 
   0.117 
   0.042 
   0.048 
  -0.059 
   0.007 
   0.011 
  -0.261 
  -0.033 
  -0.000 
  -0.001 
   0.059 
   0.068 
   0.479 
  -0.022 
  -0.039 
  -0.056 
  -0.249 
  -0.055 
  -0.062 
   0.308 
  -0.129 
   0.067 
   0.667 
   0.006 
  -0.015 
  -0.306 
  -0.091 
  -0.038 
   0.401 
  -0.074 
  -0.049 
   0.213 
   0.206 
   0.142 
   0.061 
  -0.023 
  -0.179 
  -0.111 
  -0.002 
  -0.035 
  -0.033 
   0.053 
   0.055 
  -0.049 
  -0.153 
  -0.098 
  -0.119 
  -0.007 
  -0.288 
   0.182 
   0.172 
   0.344 
   0.644 
  -0.109 
  -0.093 
   0.192 
  -0.059 
  -0.192 
  -0.474 
   0.074 
  -0.504 
  -0.062 
   0.118 
  -0.216 
  -0.102 
  -0.063 
  -0.091 
  -0.050 
  -0.000 
   0.055 
  -0.067 
   0.041 
  -0.008 
  -0.207 
  -0.093 
   0.403 
  -0.296 
  -0.105 
  -0.148 
   0.043 
   0.070 
   0.065 
   0.036 
  -0.086 
  -0.133 
   0.055 
   0.032 
  -0.224 
  -0.124 
  -0.115 
  -0.145 
  -0.075 
   0.300 
   0.049 
   0.033 
   0.336 
  -0.064 
  -0.149 
  -0.141 
  -0.023 
  -0.015 
  -0.082 
  -0.254 
  -0.068 
  -0.119 
  -0.053 
  -0.040 
  -0.292 
   0.011 
  -0.313 
   0.008 
   0.094 
   0.095 
  -0.162 
  -0.101 
  -0.094 
  -0.087 
  -0.003 
   0.796 
  -0.181 
  -0.201 
   0.009 
  -0.274 
  -0.034 
   0.006 
  -0.310 
   0.897 
   0.157 
  -0.204 
   0.231 
   0.329 
   0.107 
   0.281 
  -0.358 
  -0.222 
  -0.118 
  -0.087 
  -0.076 
  -0.089 
  -0.026 
  -0.026 
  -0.141 
  -0.256 
  -0.088 
  -0.084 
  -0.060 
  -0.057 
   0.740 
  -0.331 
  -0.073 
  -0.354 
  -0.049 
  -0.044 
   0.082 
  -0.257 
  -0.047 
   0.066 
   0.127 
   0.136 
   0.006 
  -0.095 
  -0.175 
  -0.062 
  -0.087 
  -0.117 
  -0.164 
   0.144 
   0.402 
   0.103 
   0.128 
   0.143 
   0.135 
   0.134 
  -0.307 
   0.351 
  -0.024 
  -0.240 
  -0.162 
   0.133 
  -0.014 
   0.013 
  -0.275 
  -0.165 
  -0.041 
   0.169 
   0.062 
   0.150 
  -0.309 
  -0.090 
   0.273 
   0.182 
   0.091 
   0.610 
  -0.086 
  -0.069 
  -0.070 
  -0.139 
  -0.250 
  -0.071 
   0.043 
   0.183 
   0.118 
  -0.025 
  -0.097 
  -0.272 
  -0.062 
   0.156 
  -0.021 
   0.012 
   0.480 
   0.001 
   0.002 
   0.103 
  -0.190 
   0.011 
  -0.037 
   0.398 
  -0.032 
  -0.117 
  -0.115 
  -0.091 
  -0.100 
  -0.001 
   0.116 
  -0.195 
  -0.020 
  -0.092 
  -0.062 
   0.052 
  -0.053 
  -0.102 
   0.116 
  -0.098 
  -0.108 
   0.052 
   0.054 
  -0.124 
  -0.020 
  -0.113 
  -0.025 
   0.142 
   0.105 
   0.375 
   0.009 
  -0.031 
   0.061 
   0.061 
  -0.330 
  -0.150 
   0.088 
   0.097 
   0.056 
  -0.067 
  -0.225 
   0.004 
   0.217 
   0.057 
   0.049 
   0.052 
   0.076 
   0.227 
   0.807 
  -0.077 
  -0.404 
  -0.324 
  -0.105 
  -0.102 
  -0.224 
   0.145 
  -0.000 
   0.004 
   0.025 
   0.059 
  -0.001 
   0.029 
   0.701 
   0.064 
  -0.069 
  -0.063 
   0.056 
   0.056 
  -0.061 
  -0.069 
  -0.226 
  -0.016 
  -0.393 
  -0.042 
  -0.122 
  -0.099 
  -0.036 
  -0.100 
   0.091 
   0.912 
   0.077 
   0.089 
   0.106 
   0.033 
  -0.010 
  -0.006 
   0.070 
  -0.295 
  -0.000 
   0.107 
  -0.097 
   0.180 
   0.063 
   0.073 
   0.007 
   0.096 
  -0.008 
  -0.148 
   0.224 
   0.141 
   0.005 
  -0.034 
   0.257 
   0.036 
   0.008 
   0.049 
  -0.124 
   0.011 
   0.003 
  -0.019 
   0.168 
   0.255 
   0.073 
   0.303 
   0.135 
   0.098 
   0.217 
   0.523 
   0.079 
   0.035 
   0.026 
  -0.045 
   0.198 
   0.011 
  -0.011 
   0.042 
  -0.274 
  -0.040 
   0.007 
   0.496 
  -0.022 
   0.060 
  -0.075 
  -0.078 
   0.138 
  -0.069 
   0.115 
   0.055 
   0.560 
   0.263 
   0.913 
   0.161 
  -0.094 
   0.016 
  -0.053 
  -0.056 
   0.038 
  -0.050 
  -0.028 
  -0.148 
  -0.108 
  -0.135 
  -0.007 
   0.006 
   0.094 
   0.079 
  -0.096 
  -0.111 
  -0.107 
  -0.110 
  -0.424 
   0.762 
  -0.048 
   0.007 
  -0.216 
  -0.195 
  -0.036 
  -0.036 
   0.122 
   0.182 
   0.087 
  -0.041 
   0.239 
  -0.031 
   0.014 
   0.027 
  -0.018 
  -0.022 
   0.000 
  -0.036 
   0.071 
   0.135 
   0.015 
   0.034 
  -0.097 
  -0.284 
   0.070 
   0.037 
   0.020 
   0.041 
   0.151 
   0.351 
   0.021 
  -0.027 
   0.150 
  -0.083 
  -0.383 
  -0.355 
   0.093 
   0.125 
   0.075 
   0.074 
   0.006 
   0.019 
  -0.058 
  -0.054 
   0.275 
   0.022 
   0.033 
   0.046 
   0.023 
   0.415 
   0.025 
   0.397 
   0.167 
  -0.057 
  -0.114 
   0.141 
  -0.083 
  -0.114 
  -0.083 
  -0.069 
  -0.090 
  -0.239 
   0.039 
   0.047 
   0.114 
  -0.045 
   0.111 
   0.184 
   0.064 
   0.178 
   0.003 
   0.060 
   0.444 
   0.003 
   0.197 
   0.067 
   0.033 
   0.026 
   0.274 
   0.817 
   0.069 
   0.067 
   0.014 
   0.155 
   0.000 
   0.007 
  -0.017 
   0.031 
  -0.088 
   0.066 
  -0.035 
  -0.072 
   0.012 
   0.029 
  -0.085 
  -0.059 
  -0.023 
   0.024 
  -0.089 
  -0.097 
  -0.046 
  -0.054 
   0.026 
  -0.118 
   0.228 
   0.828 
   0.323 
   0.060 
  -0.392 
   0.545 
  -0.129 
  -0.008 
  -0.026 
   0.075 
   0.066 
  -0.133 
  -0.007 
   0.068 
   0.090 
  -0.159 
  -0.128 
   0.757 
   0.144 
   0.509 
  -0.006 
  -0.034 
  -0.018 
   0.151 
  -0.014 
  -0.001 
  -0.101 
  -0.453 
   0.011 
  -0.033 
  -0.343 
   0.053 
   0.052 
   0.059 
  -0.064 
  -0.262 
  -0.111 
   0.127 
   0.164 
  -0.045 
   0.041 
   0.070 
  -0.197 
  -0.580 
  -0.229 
   0.096 
   0.093 
  -0.083 
  -0.067 
   0.468 
  -0.119 
  -0.117 
   0.344 
  -0.124 
  -0.049 
  -0.035 
  -0.059 
  -0.142 
  -0.064 
  -0.123 
  -0.096 
  -0.134 
   0.052 
   0.052 
   0.068 
   0.075 
  -0.277 
   0.179 
  -0.064 
  -0.081 
  -0.036 
  -0.135 
   0.028 
  -0.205 
   0.021 
  -0.041 
   0.473 
   0.000 
  -0.053 
  -0.038 
  -0.073 
  -0.001 
  -0.161 
  -0.306 
   0.070 
   0.021 
   0.001 
   0.100 
  -0.431 
   0.092 
   0.093 
   0.036 
  -0.114 
  -0.184 
   0.045 
   0.055 
   0.046 
   0.392 
  -0.051 
   0.089 
   0.102 
  -0.325 
  -0.052 
   0.348 
   0.001 
   0.181 
   0.032 
   0.094 
   0.125 
  -0.387 
   0.401 
  -0.316 
  -0.127 
  -0.005 
  -0.005 
   0.066 
   0.060 
   0.141 
  -0.301 
  -0.083 
   0.345 
  -0.041 
  -0.041 
   0.166 
   0.148 
  -0.084 
   0.394 
  -0.206 
  -0.176 
   0.050 
   0.037 
   0.564 
   0.063 
  -0.315 
   0.503 
  -0.024 
  -0.016 
   0.263 
   0.009 
  -0.265 
  -0.036 
  -0.034 
  -0.108 
  -0.096 
  -0.215 
   0.049 
   0.501 
   0.893 
   0.194 
   0.060 
   0.012 
  -0.010 
   0.124 
   0.036 
   0.024 
  -0.050 
  -0.080 
  -0.048 
  -0.047 
  -0.097 
  -0.044 
   0.333 
   0.425 
   0.056 
  -0.350 
   0.012 
  -0.224 
  -0.071 
  -0.018 
   0.037 
   0.074 
   0.074 
  -0.303 
  -0.188 
   0.029 
   0.027 
  -0.382 
  -0.033 
   0.035 
   0.249 
   0.052 
   0.054 
   0.172 
   0.146 
   0.376 
  -0.102 
  -0.063 
  -0.260 
   0.070 
  -0.031 
  -0.006 
   0.792 
  -0.079 
  -0.089 
  -0.088 
  -0.143 
   0.096 
   0.105 
   0.034 
   0.082 
  -0.066 
  -0.049 
  -0.032 
  -0.047 
  -0.181 
  -0.075 
  -0.012 
  -0.024 
  -0.131 
   0.726 
   0.316 
  -0.077 
  -0.089 
   0.123 
   0.077 
  -0.067 
   0.516 
  -0.107 
   0.033 
   0.255 
  -0.027 
  -0.039 
   0.048 
   0.042 
  -0.051 
  -0.039 
   0.011 
   0.047 
  -0.019 
   0.058 
  -0.065 
  -0.012 
  -0.111 
  -0.135 
   0.229 
  -0.309 
   0.128 
   0.861 
  -0.006 
   0.059 
  -0.138 
  -0.221 
   0.517 
   0.069 
   0.046 
   0.161 
  -0.067 
   0.048 
  -0.146 
  -0.183 
  -0.080 
  -0.410 
  -0.172 
  -0.297 
   0.085 
   0.193 
   0.616 
   0.086 
  -0.175 
  -0.082 
  -0.034 
   0.007 
  -0.011 
   0.105 
  -0.063 
  -0.167 
  -0.138 
  -0.028 
  -0.017 
  -0.056 
  -0.020 
  -0.016 
  -0.077 
  -0.077 
   0.174 
  -0.039 
  -0.019 
   0.031 
   0.105 
   0.099 
   0.006 
  -0.145 
   0.198 
  -0.122 
  -0.069 
  -0.469 
  -0.060 
   0.285 
   0.262 
  -0.015 
  -0.005 
  -0.403 
   0.127 
   0.121 
   0.048 
   0.082 
   0.014 
  -0.091 
   0.079 
   0.134 
   0.101 
   0.043 
   0.496 
   0.002 
   0.007 
   0.114 
   0.064 
   0.121 
   0.043 
  -0.113 
  -0.083 
  -0.038 
   0.214 
   0.599 
  -0.030 
  -0.055 
  -0.029 
   0.064 
  -0.002 
  -0.068 
  -0.033 
   0.034 
   0.067 
   0.721 
   0.055 
  -0.072 
  -0.045 
  -0.009 
   0.035 
   0.171 
   0.041 
   0.041 
   0.164 
  -0.041 
   0.024 
   0.011 
  -0.254 
  -0.138 
  -0.124 
  -0.029 
  -0.194 
  -0.023 
  -0.057 
  -0.061 
  -0.227 
  -0.130 
   0.006 
  -0.012 
  -0.112 
  -0.089 
   0.142 
   0.014 
  -0.460 
   0.251 
   0.057 
   0.056 
   0.214 
  -0.043 
   0.021 
   0.017 
   0.040 
   0.051 
  -0.094 
  -0.093 
  -0.001 
  -0.036 
   0.117 
   0.207 
  -0.038 
  -0.016 
   0.222 
   0.439 
  -0.065 
  -0.001 
  -0.082 
   0.134 
   0.644 
  -0.040 
   0.844 
   0.141 
   0.033 
  -0.347 
  -0.188 
  -0.099 
   0.301 
   0.124 
  -0.121 
  -0.131 
   0.319 
  -0.360 
   0.023 
  -0.205 
   0.036 
   0.072 
  -0.081 
  -0.094 
   0.078 
   0.071 
   0.040 
  -0.044 
  -0.149 
  -0.030 
   0.040 
   0.073 
  -0.082 
  -0.031 
  -0.282 
   0.869 
  -0.132 
  -0.021 
  -0.027 
  -0.120 
  -0.164 
  -0.141 
  -0.028 
  -0.053 
  -0.120 
  -0.112 
  -0.009 
  -0.034 
  -0.031 
  -0.023 
  -0.102 
   0.610 
   0.134 
   0.104 
  -0.058 
   0.067 
   0.004 
  -0.601 
  -0.096 
  -0.059 
  -0.236 
  -0.064 
   0.731 
   0.154 
   0.222 
   0.147 
   0.051 
   0.068 
   0.042 
   0.033 
  -0.020 
   0.051 
   0.002 
  -0.191 
  -0.013 
   0.034 
   0.091 
   0.055 
   0.151 
  -0.173 
   0.023 
   0.016 
  -0.013 
  -0.124 
   0.008 
   0.325 
  -0.098 
  -0.110 
  -0.014 
  -0.241 
   0.032 
   0.027 
  -0.004 
   0.007 
   0.046 
   0.047 
  -0.146 
  -0.109 
   0.047 
   0.030 
   0.083 
   0.023 
   0.132 
   0.729 
   0.054 
   0.599 
  -0.005 
   0.246 
  -0.085 
   0.085 
   0.084 
   0.272 
   0.131 
  -0.230 
   0.020 
  -0.049 
  -0.019 
   0.148 
   0.119 
  -0.282 
  -0.513 
  -0.121 
   0.837 
  -0.050 
  -0.033 
   0.212 
  -0.340 
   0.023 
  -0.047 
   0.468 
  -0.099 
   0.006 
  -0.034 
   0.129 
   0.291 
  -0.027 
  -0.176 
   0.020 
   0.570 
  -0.053 
  -0.061 
  -0.268 
  -0.128 
  -0.058 
  -0.065 
   0.169 
   0.082 
  -0.205 
   0.010 
  -0.075 
  -0.095 
  -0.016 
   0.177 
   0.025 
   0.026 
  -0.005 
   0.091 
   0.003 
   0.026 
  -0.083 
   0.431 
  -0.036 
  -0.107 
  -0.186 
  -0.030 
  -0.333 
  -0.245 
  -0.048 
   0.003 
  -0.004 
   0.065 
  -0.431 
  -0.440 
  -0.046 
  -0.132 
   0.011 
   0.235 
  -0.064 
  -0.064 
  -0.257 
  -0.013 
   0.284 
   0.867 
  -0.008 
  -0.044 
  -0.139 
  -0.154 
  -0.240 
  -0.116 
  -0.048 
  -0.190 
  -0.096 
  -0.089 
   0.053 
   0.269 
  -0.096 
  -0.096 
   0.015 
   0.016 
   0.027 
   0.035 
  -0.245 
  -0.042 
   0.002 
   0.004 
   0.015 
  -0.109 
  -0.007 
  -0.014 
   0.015 
   0.024 
  -0.029 
  -0.046 
   0.337 
   0.004 
  -0.005 
  -0.067 
  -0.193 
   0.362 
   0.775 
   0.300 
  -0.072 
  -0.181 
   0.021 
   0.023 
  -0.272 
   0.025 
   0.136 
   0.113 
  -0.057 
  -0.092 
  -0.013 
   0.088 
   0.575 
   0.059 
  -0.027 
  -0.140 
  -0.119 
   0.283 
  -0.140 
   0.063 
   0.089 
  -0.010 
   0.018 
   0.011 
   0.013 
  -0.005 
  -0.210 
  -0.301 
  -0.143 
  -0.040 
   0.103 
   0.022 
   0.185 
  -0.176 
  -0.248 
  -0.082 
  -0.085 
   0.012 
  -0.097 
  -0.064 
  -0.047 
  -0.139 
   0.232 
  -0.035 
  -0.026 
   0.389 
  -0.052 
  -0.105 
  -0.101 
   0.045 
   0.276 
  -0.151 
   0.012 
   0.127 
   0.090 
   0.085 
  -0.190 
  -0.022 
  -0.024 
   0.063 
  -0.033 
  -0.030 
  -0.100 
  -0.110 
   0.307 
  -0.044 
  -0.045 
  -0.008 
   0.068 
  -0.017 
  -0.146 
  -0.005 
  -0.248 
  -0.092 
  -0.084 
  -0.161 
   0.625 
  -0.138 
  -0.263 
   0.010 
   0.014 
  -0.085 
  -0.239 
   0.039 
   0.033 
  -0.063 
  -0.133 
   0.730 
   0.060 
   0.341 
  -0.145 
   0.024 
   0.015 
  -0.084 
  -0.093 
  -0.005 
  -0.008 
   0.067 
  -0.021 
  -0.121 
   0.201 
   0.182 
  -0.031 
   0.036 
   0.017 
   0.068 
   0.004 
   0.071 
   0.005 
   0.062 
   0.708 
   0.140 
   0.088 
  -0.006 
  -0.016 
  -0.409 
  -0.222 
   0.082 
  -0.076 
   0.082 
   0.077 
   0.062 
   0.213 
   0.039 
  -0.024 
  -0.003 
  -0.009 
   0.095 
   0.038 
   0.168 
   0.218 
   0.022 
   0.097 
   0.103 
   0.049 
   0.062 
   0.031 
   0.031 
   0.030 
   0.515 
   0.138 
   0.056 
  -0.038 
  -0.014 
  -0.232 
  -0.077 
  -0.066 
  -0.068 
   0.071 
  -0.112 
   0.124 
   0.022 
   0.064 
   0.563 
  -0.171 
   0.111 
  -0.035 
   0.005 
  -0.062 
   0.069 
   0.135 
   0.056 
   0.284 
   0.001 
   0.106 
   0.662 
   0.049 
  -0.108 
   0.348 
   0.109 
   0.100 
   0.100 
   0.262 
   0.148 
  -0.118 
   0.219 
   0.139 
   0.119 
   0.110 
   0.116 
  -0.023 
   0.055 
  -0.257 
  -0.171 
  -0.322 
   0.124 
   0.092 
   0.077 
  -0.089 
   0.005 
   0.087 
   0.186 
   0.272 
   0.361 
   0.035 
   0.104 
  -0.239 
  -0.038 
   0.511 
   0.042 
  -0.295 
   0.217 
   0.033 
  -0.020 
  -0.038 
  -0.046 
   0.598 
  -0.478 
  -0.127 
   0.672 
  -0.281 
   0.259 
   0.039 
   0.110 
  -0.070 
  -0.088 
   0.439 
   0.876 
   0.698 
   0.098 
   0.006 
   0.007 
   0.074 
  -0.262 
   0.069 
  -0.076 
   0.148 
   0.052 
  -0.013 
   0.040 
   0.052 
  -0.008 
  -0.003 
   0.005 
   0.002 
   0.047 
  -0.037 
  -0.058 
  -0.145 
  -0.070 
  -0.129 
  -0.067 
   0.083 
   0.133 
  -0.001 
   0.027 
  -0.541 
  -0.061 
   0.064 
   0.564 
   0.679 
   0.002 
   0.007 
  -0.166 
  -0.159 
   0.071 
   0.623 
  -0.034 
  -0.025 
  -0.025 
  -0.036 
  -0.209 
  -0.003 
  -0.554 
   0.094 
   0.041 
  -0.041 
  -0.151 
  -0.202 
   0.083 
   0.055 
   0.021 
   0.060 
   0.057 
   0.600 
   0.185 
  -0.106 
  -0.177 
   0.180 
   0.204 
   0.068 
   0.315 
  -0.051 
  -0.049 
  -0.072 
  -0.090 
  -0.031 
  -0.031 
  -0.304 
   0.029 
   0.025 
  -0.011 
  -0.100 
  -0.031 
   0.022 
  -0.032 
  -0.218 
  -0.134 
   0.072 
   0.093 
   0.082 
  -0.095 
   0.237 
   0.157 
   0.083 
   0.904 
  -0.029 
  -0.027 
  -0.070 
   0.818 
  -0.088 
  -0.014 
   0.074 
  -0.106 
  -0.067 
  -0.067 
  -0.127 
  -0.131 
   0.114 
   0.192 
  -0.552 
  -0.049 
  -0.055 
  -0.059 
   0.072 
   0.064 
   0.095 
   0.073 
   0.023 
  -0.336 
   0.066 
   0.066 
   0.040 
   0.040 
  -0.298 
   0.041 
   0.186 
   0.165 
   0.208 
  -0.021 
  -0.068 
  -0.136 
   0.128 
   0.037 
   0.435 
   0.023 
  -0.144 
   0.119 
  -0.021 
  -0.099 
  -0.136 
  -0.096 
   0.113 
   0.119 
  -0.049 
  -0.134 
  -0.025 
  -0.046 
  -0.100 
  -0.066 
  -0.027 
  -0.300 
  -0.419 
  -0.114 
  -0.031 
  -0.164 
  -0.029 
  -0.286 
   0.472 
   0.008 
   0.051 
   0.032 
  -0.025 
  -0.121 
   0.026 
  -0.323 
   0.331 
   0.822 
   0.114 
   0.030 
  -0.002 
   0.166 
   0.113 
   0.083 
   0.077 
   0.472 
  -0.036 
  -0.233 
   0.183 
  -0.017 
  -0.247 
   0.123 
   0.138 
   0.638 
  -0.022 
  -0.026 
  -0.196 
   0.157 
  -0.080 
  -0.029 
  -0.054 
  -0.070 
  -0.161 
  -0.087 
   0.206 
   0.178 
   0.168 
  -0.087 
  -0.092 
  -0.221 
   0.076 
  -0.078 
   0.061 
   0.239 
  -0.116 
  -0.102 
  -0.038 
  -0.011 
   0.067 
   0.087 
   0.367 
  -0.109 
   0.706 
   0.263 
  -0.098 
   0.007 
  -0.066 
  -0.058 
   0.024 
   0.038 
   0.117 
  -0.229 
  -0.103 
   0.276 
   0.011 
  -0.021 
  -0.031 
  -0.009 
   0.011 
  -0.055 
  -0.068 
   0.199 
  -0.044 
  -0.020 
   0.075 
   0.186 
   0.028 
   0.036 
   0.329 
   0.029 
  -0.105 
  -0.019 
   0.014 
  -0.048 
  -0.104 
   0.192 
   0.129 
   0.137 
   0.737 
   0.275 
   0.141 
   0.027 
  -0.144 
  -0.066 
  -0.114 
  -0.126 
   0.223 
   0.246 
   0.692 
   0.331 
  -0.272 
   0.067 
   0.062 
  -0.113 
  -0.047 
   0.023 
   0.023 
   0.098 
  -0.034 
   0.829 
   0.201 
   0.118 
   0.227 
  -0.254 
  -0.054 
  -0.010 
   0.064 
  -0.019 
  -0.118 
  -0.053 
  -0.086 
   0.695 
  -0.205 
  -0.299 
  -0.169 
   0.020 
   0.014 
  -0.196 
  -0.156 
  -0.054 
  -0.018 
  -0.100 
  -0.072 
   0.134 
   0.175 
   0.250 
  -0.059 
   0.489 
  -0.076 
   0.008 
  -0.012 
   0.011 
   0.568 
   0.096 
   0.037 
  -0.005 
  -0.004 
  -0.043 
  -0.040 
   0.022 
  -0.036 
   0.031 
   0.025 
   0.005 
   0.092 
  -0.024 
  -0.003 
  -0.027 
  -0.003 
  -0.054 
   0.107 
   0.013 
  -0.007 
   0.311 
  -0.024 
   0.050 
   0.199 
   0.020 
   0.052 
  -0.046 
  -0.042 
   0.029 
   0.077 
  -0.033 
   0.464 
  -0.077 
  -0.407 
   0.001 
   0.021 
  -0.030 
  -0.063 
   0.070 
  -0.070 
   0.011 
   0.058 
  -0.002 
  -0.019 
  -0.008 
   0.027 
  -0.002 
   0.586 
   0.141 
   0.151 
  -0.057 
  -0.098 
   0.353 
  -0.308 
  -0.031 
  -0.021 
   0.067 
   0.016 
  -0.025 
  -0.143 
  -0.116 
  -0.209 
  -0.107 
  -0.056 
  -0.018 
  -0.014 
   0.072 
   0.083 
  -0.025 
  -0.015 
  -0.107 
  -0.239 
  -0.197 
   0.380 
  -0.191 
  -0.161 
  -0.015 
  -0.010 
   0.061 
  -0.041 
  -0.042 
  -0.149 
   0.014 
   0.129 
  -0.036 
   0.146 
  -0.142 
  -0.003 
  -0.098 
   0.379 
   0.191 
   0.087 
   0.177 
  -0.076 
  -0.021 
   0.033 
  -0.172 
   0.071 
   0.056 
   0.489 
  -0.315 
  -0.057 
   0.009 
   0.059 
   0.474 
  -0.030 
  -0.029 
   0.438 
  -0.249 
  -0.070 
   0.201 
   0.020 
   0.700 
   0.081 
   0.084 
   0.054 
  -0.298 
   0.498 
   0.041 
  -0.188 
  -0.027 
  -0.057 
  -0.470 
   0.152 
   0.079 
   0.099 
  -0.029 
  -0.252 
  -0.353 
   0.022 
   0.018 
  -0.107 
  -0.526 
   0.292 
  -0.160 
  -0.175 
  -0.064 
   0.055 
   0.369 
   0.106 
  -0.007 
   0.025 
   0.151 
  -0.088 
  -0.088 
   0.082 
  -0.094 
  -0.064 
  -0.067 
  -0.123 
  -0.103 
   0.083 
   0.062 
   0.638 
   0.403 
  -0.011 
  -0.055 
   0.286 
  -0.089 
  -0.152 
   0.073 
  -0.172 
   0.068 
   0.148 
  -0.123 
  -0.123 
  -0.331 
  -0.073 
  -0.086 
  -0.010 
  -0.011 
  -0.003 
   0.036 
   0.286 
   0.016 
   0.008 
   0.246 
   0.211 
  -0.087 
  -0.149 
   0.406 
  -0.389 
   0.075 
   0.201 
   0.088 
   0.058 
   0.227 
   0.095 
   0.126 
   0.123 
  -0.250 
   0.029 
   0.048 
   0.007 
  -0.282 
  -0.082 
  -0.064 
  -0.055 
   0.098 
   0.067 
  -0.040 
  -0.048 
  -0.064 
  -0.067 
   0.030 
   0.027 
   0.147 
   0.082 
  -0.339 
  -0.500 
   0.393 
   0.131 
   0.059 
   0.067 
   0.050 
   0.050 
  -0.287 
  -0.304 
   0.062 
   0.321 
   0.045 
   0.029 
   0.094 
   0.082 
  -0.208 
  -0.094 
   0.003 
   0.002 
   0.075 
   0.897 
   0.115 
   0.090 
   0.071 
   0.099 
  -0.100 
  -0.350 
  -0.044 
  -0.070 
   0.064 
  -0.020 
  -0.045 
   0.046 
  -0.084 
  -0.034 
  -0.100 
  -0.028 
   0.387 
   0.198 
   0.064 
   0.070 
   0.054 
   0.046 
   0.041 
   0.157 
  -0.014 
  -0.033 
   0.257 
  -0.000 
  -0.243 
  -0.088 
   0.516 
   0.213 
   0.838 
   0.122 
   0.078 
   0.063 
  -0.237 
   0.329 
  -0.122 
  -0.101 
   0.412 
   0.013 
  -0.197 
  -0.299 
   0.120 
   0.152 
