  -0.058 
   0.010 
  -0.049 
   0.033 
  -0.023 
  -0.302 
   0.052 
   0.333 
   0.034 
  -0.504 
   0.020 
   0.198 
   0.237 
   0.135 
  -0.518 
  -0.062 
   0.103 
  -0.150 
  -0.049 
   0.102 
  -0.173 
  -0.419 
   0.725 
  -0.218 
  -0.455 
   0.010 
   0.010 
  -0.070 
  -0.072 
   0.213 
  -0.012 
   0.033 
   0.109 
  -0.015 
  -0.074 
   0.105 
   0.170 
   1.051 
  -0.080 
  -0.736 
  -0.119 
  -0.681 
   0.967 
  -0.249 
  -0.880 
  -0.018 
  -0.086 
   0.697 
  -0.084 
  -0.384 
   0.254 
   0.030 
  -0.003 
  -0.107 
   0.063 
  -0.003 
  -0.028 
   0.045 
   0.054 
  -0.139 
   0.045 
   0.159 
   0.170 
   0.169 
  -0.361 
   0.071 
   0.197 
   0.066 
   0.183 
  -0.431 
  -0.166 
  -0.332 
   0.407 
  -0.099 
  -0.310 
   0.043 
  -0.180 
   0.369 
  -0.217 
  -0.089 
  -0.273 
   0.165 
   0.092 
  -0.171 
  -0.563 
   0.545 
  -0.832 
   0.223 
   0.084 
   0.118 
   0.330 
  -0.285 
  -0.195 
   0.166 
   0.111 
   0.113 
  -0.182 
   0.052 
  -0.350 
  -0.340 
   1.244 
  -0.115 
  -0.990 
   0.339 
   0.018 
  -0.195 
   0.065 
   0.031 
  -0.050 
  -0.124 
  -0.022 
  -0.202 
   0.381 
  -0.295 
   0.013 
   0.353 
   0.018 
  -0.531 
   0.011 
  -0.015 
   0.236 
  -0.062 
  -0.114 
  -0.188 
  -0.047 
   0.012 
  -0.211 
   0.152 
  -0.111 
  -0.080 
  -0.331 
  -0.364 
   0.603 
   0.082 
   0.236 
   1.055 
  -0.096 
  -0.789 
   0.146 
   0.000 
  -0.113 
  -0.007 
   0.192 
   0.009 
  -0.097 
   0.256 
  -0.103 
  -0.170 
  -0.274 
  -0.512 
   1.684 
  -0.467 
  -0.347 
  -0.400 
   0.721 
  -0.464 
  -0.391 
   0.008 
  -0.389 
  -0.066 
  -0.150 
   0.253 
   0.160 
  -0.106 
   0.392 
  -0.238 
  -0.142 
  -0.094 
  -0.575 
   1.148 
  -0.830 
  -0.363 
   0.083 
   0.016 
  -0.376 
   0.032 
   0.280 
   0.291 
   0.081 
  -0.287 
  -0.060 
   0.254 
   0.096 
   0.206 
  -0.055 
   0.065 
  -0.045 
   0.227 
   0.163 
   0.135 
  -0.044 
  -0.080 
   0.457 
   0.041 
   0.130 
  -0.342 
   0.118 
   0.253 
   0.134 
   0.534 
  -0.045 
  -0.286 
   0.143 
  -0.039 
  -0.199 
  -0.199 
   0.524 
  -0.083 
  -0.259 
   0.603 
  -0.193 
  -0.438 
  -0.023 
   0.178 
   1.088 
   0.558 
  -0.780 
   0.060 
   0.106 
   0.610 
   0.483 
  -0.270 
   0.089 
  -0.055 
  -0.078 
  -0.023 
   0.180 
   0.009 
   0.052 
  -0.596 
   0.070 
   0.445 
  -0.054 
  -0.017 
   0.049 
   0.029 
  -0.048 
  -0.007 
   0.004 
   0.338 
   0.114 
  -0.516 
   0.020 
  -0.353 
  -0.025 
  -0.135 
   0.234 
  -0.192 
  -0.011 
   0.754 
  -0.620 
  -0.383 
   0.156 
   0.154 
   0.130 
  -0.029 
  -0.142 
  -0.188 
  -0.680 
   1.002 
   0.497 
   0.147 
  -0.086 
  -0.742 
   0.381 
   0.342 
  -0.080 
  -0.040 
   0.014 
   0.099 
  -0.032 
   0.043 
  -0.447 
   1.631 
  -0.300 
  -1.059 
  -0.035 
  -0.038 
  -0.072 
   0.114 
  -0.007 
  -0.022 
   0.300 
   0.084 
   0.124 
  -0.407 
   0.347 
  -0.147 
  -0.144 
   0.011 
  -0.126 
  -0.133 
   0.250 
  -0.053 
  -0.178 
   0.061 
   0.344 
   0.052 
  -0.472 
   0.038 
   0.033 
   0.880 
   0.049 
  -0.708 
   0.047 
   0.120 
   1.130 
   0.344 
  -0.502 
  -0.063 
  -0.235 
   0.660 
   0.438 
  -0.363 
   0.016 
  -0.031 
   0.474 
   0.021 
  -0.225 
   0.066 
  -0.168 
   0.048 
  -0.286 
   0.366 
   0.156 
  -0.069 
  -0.051 
  -0.172 
   0.290 
   0.095 
   0.165 
   0.446 
   0.005 
  -0.566 
  -0.468 
   0.166 
  -0.122 
   1.532 
  -0.152 
  -0.107 
   0.026 
  -0.340 
   0.359 
   0.273 
   0.056 
  -0.453 
   0.054 
   0.353 
  -0.137 
  -0.549 
   0.995 
  -0.780 
  -0.222 
  -0.155 
  -0.037 
   1.017 
  -0.044 
  -0.822 
  -0.050 
  -0.110 
   0.210 
  -0.876 
   0.738 
  -0.010 
  -0.055 
  -0.386 
   0.001 
   0.337 
   0.155 
   0.099 
   0.563 
  -0.074 
  -0.220 
   0.039 
   0.189 
   0.076 
  -0.002 
  -0.028 
   0.123 
  -0.081 
  -0.255 
   0.073 
   0.283 
  -0.092 
  -0.038 
   0.132 
  -0.007 
  -0.092 
   0.169 
  -0.235 
   0.157 
  -0.042 
   0.005 
  -0.281 
   0.085 
   0.068 
  -0.028 
   0.083 
  -0.273 
  -0.080 
   0.005 
   0.195 
  -0.097 
  -0.086 
  -0.268 
  -0.421 
   0.190 
  -0.222 
   0.049 
  -0.023 
  -0.047 
   0.952 
  -0.353 
  -0.408 
   0.091 
  -0.005 
   0.179 
  -0.019 
  -0.175 
   0.215 
   0.121 
   0.138 
   0.031 
  -0.081 
  -0.220 
  -0.070 
  -0.304 
   0.099 
   0.229 
  -0.109 
  -0.025 
  -0.425 
   0.098 
   0.150 
   0.229 
   0.132 
   0.389 
   0.054 
  -0.212 
   0.285 
  -0.066 
   0.735 
  -0.427 
  -0.347 
  -0.569 
   0.433 
   0.209 
   0.381 
   0.081 
   0.543 
  -0.593 
   0.158 
   0.173 
  -0.007 
  -0.014 
   0.100 
  -0.182 
   0.114 
  -0.278 
   0.307 
  -0.122 
   0.636 
  -1.082 
   0.569 
   0.067 
  -0.158 
  -0.631 
   0.328 
   0.394 
   0.004 
  -0.060 
  -0.225 
  -0.148 
   0.282 
  -0.545 
  -0.247 
   0.218 
  -0.263 
  -0.201 
  -0.180 
  -0.023 
   0.425 
  -0.396 
  -0.209 
  -0.063 
  -0.049 
  -0.556 
  -0.215 
   0.605 
   0.091 
  -0.119 
  -0.242 
  -0.363 
   0.587 
   0.161 
   0.029 
  -0.538 
   0.177 
   0.411 
  -0.384 
  -0.283 
   0.256 
  -0.594 
   0.170 
  -0.261 
  -0.174 
   0.252 
  -0.178 
  -0.230 
   0.123 
  -0.484 
   0.942 
  -1.151 
   0.248 
  -0.189 
   0.011 
  -0.171 
  -0.089 
   0.111 
  -0.438 
  -0.215 
  -0.649 
   0.444 
   0.123 
   0.030 
  -0.035 
   0.059 
   0.072 
  -0.027 
   0.291 
   0.214 
   0.083 
  -0.033 
  -0.118 
   0.392 
   0.138 
  -0.432 
   0.153 
   0.285 
   0.398 
   0.219 
  -0.210 
   0.065 
   0.119 
  -0.036 
  -0.050 
  -0.247 
  -0.117 
   0.426 
  -0.239 
  -0.375 
   0.454 
  -0.105 
  -0.317 
  -0.231 
  -0.069 
   0.191 
  -0.242 
   0.002 
  -0.331 
  -0.450 
   0.768 
  -0.264 
  -0.514 
   0.054 
  -0.305 
   0.084 
  -0.084 
   0.076 
   0.175 
  -0.295 
  -0.419 
   0.083 
   0.234 
  -0.006 
  -0.114 
   0.287 
  -0.358 
   0.088 
   0.237 
   0.130 
  -0.612 
   0.153 
   0.373 
  -0.028 
   0.054 
   0.886 
   0.018 
  -0.719 
  -0.046 
   0.218 
   0.128 
   0.200 
  -0.276 
   0.098 
   0.029 
   0.054 
   0.143 
  -0.182 
   0.101 
   0.183 
  -0.024 
   0.038 
  -0.081 
  -0.195 
   0.010 
   1.046 
  -0.057 
  -0.818 
   0.065 
  -0.004 
   0.075 
   0.097 
  -0.115 
  -0.207 
   0.037 
  -0.413 
   0.114 
   0.171 
   0.170 
  -0.047 
  -0.030 
   0.146 
  -0.172 
  -0.371 
  -0.053 
   1.029 
  -0.278 
  -0.742 
   0.057 
   0.162 
   0.926 
  -0.011 
  -0.756 
   0.267 
   0.261 
   1.073 
   0.329 
  -0.527 
  -0.059 
  -0.005 
   0.243 
   0.243 
  -0.556 
   0.308 
   0.342 
   1.106 
   0.338 
  -0.535 
  -0.140 
  -0.074 
  -0.123 
  -0.504 
   0.694 
  -0.147 
  -0.075 
   0.123 
  -0.269 
   0.130 
  -0.060 
  -0.073 
  -0.429 
   0.135 
   0.112 
   0.176 
   0.026 
  -0.306 
   0.181 
   0.237 
   0.253 
   0.134 
   0.534 
  -0.045 
  -0.286 
  -0.281 
   0.019 
   0.515 
  -0.063 
  -0.603 
  -0.122 
   0.259 
   0.188 
   1.340 
   0.175 
   0.159 
  -0.035 
   0.040 
  -0.024 
  -0.265 
   0.117 
   0.072 
   0.119 
  -0.098 
   1.446 
  -0.377 
  -0.975 
  -0.080 
  -0.055 
   0.095 
  -0.004 
  -0.078 
   0.123 
   0.023 
   0.027 
   0.044 
  -0.088 
  -0.272 
  -0.635 
   1.322 
  -0.595 
  -0.892 
   0.141 
  -0.075 
  -0.100 
  -0.013 
   0.143 
  -0.123 
   0.068 
  -0.252 
  -0.525 
   0.567 
  -0.106 
  -0.385 
   0.448 
  -0.094 
  -0.356 
   0.085 
  -0.132 
  -0.318 
  -0.224 
   0.591 
  -0.044 
  -0.045 
   0.088 
   0.035 
  -0.157 
  -0.078 
  -0.368 
   0.155 
  -0.152 
  -0.030 
   0.177 
  -0.086 
  -0.210 
  -0.051 
   0.350 
   0.034 
   0.178 
   1.007 
  -0.050 
  -0.808 
   0.022 
   0.148 
  -0.300 
   0.019 
   0.117 
   0.243 
   0.182 
   0.981 
   0.007 
  -0.826 
  -0.035 
  -0.106 
  -0.610 
  -0.364 
   0.958 
   0.144 
   0.047 
  -0.396 
   0.057 
   0.402 
   0.152 
  -0.033 
  -0.070 
  -0.035 
   0.133 
  -0.328 
  -0.434 
   1.537 
  -0.201 
  -1.117 
  -0.066 
  -0.034 
   0.167 
  -0.066 
  -0.126 
  -0.173 
  -0.056 
  -0.342 
   0.115 
   0.115 
   0.142 
  -0.044 
  -0.495 
   0.202 
   0.361 
   0.401 
   0.300 
   1.143 
   0.330 
  -0.508 
   0.203 
  -0.101 
  -0.487 
  -0.046 
   0.552 
  -0.100 
  -0.071 
  -0.578 
  -0.373 
   0.878 
  -0.165 
  -0.011 
   1.000 
  -0.324 
  -0.525 
  -0.270 
  -0.327 
   0.322 
  -0.667 
   0.373 
   0.161 
   0.236 
   0.254 
   0.100 
  -0.478 
   0.073 
   0.039 
  -0.464 
   0.102 
   0.269 
  -0.129 
  -0.015 
  -0.431 
  -0.369 
   0.647 
  -0.262 
  -0.460 
   1.638 
  -0.212 
  -0.050 
  -0.124 
  -0.022 
  -0.202 
   0.381 
   0.274 
  -0.208 
   0.318 
  -0.148 
  -0.147 
  -0.286 
  -0.410 
   1.561 
  -0.212 
  -1.140 
  -0.110 
  -0.316 
   0.625 
   0.015 
  -0.376 
  -0.006 
  -0.022 
   0.132 
  -0.009 
  -0.164 
   0.194 
  -0.361 
  -0.217 
  -0.115 
   0.312 
  -0.129 
   0.070 
   0.332 
   0.045 
  -0.472 
   0.453 
   0.117 
  -0.285 
   0.107 
   0.199 
  -0.098 
  -0.014 
  -0.261 
   0.236 
   0.128 
   0.030 
   0.033 
   0.252 
  -0.110 
  -0.171 
  -0.092 
  -0.038 
   0.132 
  -0.007 
  -0.092 
   0.060 
   0.007 
   0.496 
  -0.496 
   0.209 
  -0.019 
  -0.181 
   0.116 
  -0.177 
   0.069 
   0.110 
  -0.055 
   0.201 
   0.003 
  -0.157 
  -0.078 
   0.001 
   0.161 
  -0.023 
  -0.108 
  -0.081 
   0.188 
   0.361 
   0.039 
  -0.547 
  -0.349 
   0.112 
   0.048 
  -0.136 
   0.226 
  -0.097 
   1.660 
  -0.056 
  -0.317 
  -0.069 
  -0.105 
   0.075 
  -0.142 
  -0.268 
   0.074 
   0.042 
  -0.144 
  -0.067 
  -0.004 
   0.520 
  -0.067 
  -0.522 
  -0.099 
  -0.012 
   0.990 
  -0.059 
  -0.812 
   0.085 
   0.129 
   0.188 
  -0.085 
  -0.108 
  -0.195 
  -0.390 
  -0.040 
  -0.171 
   0.283 
  -0.102 
   0.096 
   0.229 
   0.136 
  -0.466 
   0.272 
  -0.234 
  -0.691 
  -0.181 
  -0.102 
   0.067 
  -0.132 
   0.063 
  -0.231 
  -0.005 
   0.399 
  -0.317 
  -0.231 
   0.364 
   0.056 
  -0.259 
   0.391 
  -0.067 
   0.067 
  -0.004 
  -0.469 
   0.047 
   0.315 
   0.330 
   0.108 
  -0.306 
   0.118 
   0.273 
  -0.057 
  -0.150 
   0.948 
   0.388 
  -0.362 
  -0.075 
  -0.113 
   0.389 
  -0.337 
   0.153 
  -0.410 
  -0.122 
   0.700 
  -0.124 
  -0.750 
   0.054 
   0.125 
   0.895 
   0.011 
  -0.784 
  -0.063 
   0.147 
   0.324 
   0.089 
  -0.528 
   0.192 
  -0.106 
   0.204 
  -0.166 
   0.000 
  -0.169 
   0.118 
   0.090 
   0.039 
  -0.069 
   0.188 
  -0.041 
  -0.173 
   0.161 
  -0.119 
  -0.014 
  -0.008 
   0.167 
   0.168 
  -0.175 
  -0.057 
  -0.151 
   0.241 
   0.122 
   0.155 
  -0.332 
   0.174 
   0.090 
  -0.098 
   0.026 
   0.422 
   0.031 
  -0.521 
  -0.225 
  -0.023 
   0.387 
   0.030 
  -0.548 
   0.048 
  -0.329 
   0.100 
  -0.069 
   0.066 
  -0.019 
  -0.181 
   0.116 
  -0.177 
   0.069 
  -0.075 
  -0.125 
  -0.586 
  -0.061 
   0.583 
   0.376 
  -0.047 
  -0.767 
   0.264 
   0.490 
  -0.274 
  -0.420 
   0.624 
  -0.215 
  -0.400 
   0.050 
  -0.113 
   0.126 
  -0.244 
  -0.013 
   0.329 
  -0.082 
   0.239 
  -0.343 
  -0.013 
  -0.076 
   0.019 
   0.816 
   0.076 
  -0.703 
  -0.436 
  -0.474 
   0.932 
  -0.499 
  -0.596 
   0.207 
   0.123 
  -0.454 
   0.088 
   0.332 
  -0.120 
   0.009 
   0.087 
  -0.017 
  -0.087 
  -0.071 
   0.009 
   0.531 
  -0.077 
  -0.256 
  -0.675 
   0.586 
  -0.422 
   0.017 
  -0.393 
   0.716 
  -0.244 
  -0.215 
  -0.466 
  -0.428 
   0.038 
  -0.378 
  -0.597 
   1.355 
  -0.896 
  -0.435 
  -0.056 
  -0.066 
   0.958 
  -0.297 
  -0.516 
   0.279 
   0.123 
   0.343 
   0.041 
  -0.222 
   0.254 
  -0.034 
   0.129 
  -0.128 
   0.059 
   0.263 
   0.111 
   1.010 
  -0.452 
  -0.698 
   0.084 
  -0.034 
  -0.048 
  -0.023 
   0.196 
   0.010 
  -0.067 
  -0.524 
   0.104 
   0.427 
   0.160 
   0.061 
   0.087 
  -0.375 
   0.332 
   0.114 
   0.018 
  -0.275 
   0.174 
  -0.030 
   0.057 
  -0.330 
   0.081 
  -0.084 
  -0.007 
  -0.231 
   0.027 
   0.515 
  -0.042 
  -0.581 
   0.220 
   0.161 
   1.016 
   0.483 
  -0.317 
   0.110 
   0.080 
   0.647 
   0.499 
  -0.278 
   0.152 
   0.042 
  -0.562 
  -0.417 
   0.919 
   0.081 
   0.001 
   0.091 
   0.022 
  -0.119 
  -0.185 
  -0.602 
   1.509 
  -0.412 
  -0.960 
   0.061 
  -0.074 
   0.011 
  -0.056 
   0.209 
  -0.029 
  -0.107 
   0.006 
  -0.272 
   0.355 
  -0.256 
  -0.523 
   1.523 
  -0.492 
  -0.860 
   0.197 
  -0.033 
  -0.128 
   0.054 
   0.226 
  -0.189 
  -0.446 
   0.795 
  -0.310 
  -0.626 
  -0.058 
  -0.092 
   0.522 
  -0.441 
  -0.210 
  -0.188 
  -0.092 
   0.181 
  -0.306 
   0.117 
  -0.098 
  -0.334 
  -0.084 
  -0.101 
   0.095 
  -0.139 
   0.028 
   0.133 
  -0.023 
  -0.130 
  -0.001 
   0.057 
   0.045 
  -0.625 
   0.414 
   0.310 
   0.232 
   0.490 
  -0.009 
  -0.297 
   0.002 
  -0.058 
  -0.271 
  -0.058 
   0.224 
  -0.396 
  -0.549 
   0.940 
  -0.716 
  -0.171 
  -0.066 
  -0.076 
  -0.261 
  -0.061 
   0.360 
   0.232 
   0.067 
   0.039 
  -0.346 
   0.355 
  -0.191 
  -0.395 
   1.656 
  -0.198 
  -0.170 
  -0.000 
   0.032 
   0.035 
  -0.042 
  -0.186 
   0.000 
  -0.194 
  -0.003 
   0.066 
   0.301 
  -0.155 
  -0.097 
  -0.109 
   0.103 
  -0.103 
  -0.005 
  -0.015 
   0.119 
   0.033 
  -0.100 
  -0.011 
   0.264 
   0.223 
  -0.507 
   0.064 
  -0.050 
  -0.010 
  -0.106 
   0.218 
   0.160 
  -0.019 
  -0.562 
   0.055 
   0.447 
   0.004 
  -0.039 
   0.169 
  -0.050 
  -0.102 
  -0.218 
  -0.119 
   0.138 
  -0.425 
   0.183 
   0.235 
   0.078 
   1.139 
   0.335 
  -0.459 
   0.241 
   0.038 
  -0.204 
   0.224 
  -0.030 
  -0.019 
  -0.181 
   0.116 
  -0.177 
   0.069 
   0.364 
   0.158 
   0.405 
   0.025 
  -0.194 
   0.197 
  -0.038 
   0.119 
  -0.255 
  -0.083 
  -0.355 
  -0.483 
   0.500 
  -0.214 
  -0.409 
  -0.231 
  -0.509 
   0.789 
  -0.646 
  -0.135 
   0.046 
   0.165 
   1.005 
  -0.068 
  -0.821 
   0.050 
  -0.314 
   0.021 
  -0.437 
   0.577 
   0.259 
  -0.125 
   0.629 
  -0.895 
   0.460 
   0.105 
  -0.019 
  -0.036 
  -0.039 
   0.155 
  -0.441 
  -0.098 
   0.528 
  -0.503 
  -0.243 
   0.052 
  -0.120 
  -0.300 
   0.006 
   0.298 
   0.271 
  -0.023 
  -0.638 
   0.190 
   0.426 
   0.055 
  -0.069 
  -0.229 
  -0.072 
   0.310 
   0.203 
   0.089 
   1.076 
   0.317 
  -0.499 
   0.152 
   0.067 
   0.206 
  -0.114 
  -0.033 
   0.102 
  -0.003 
   0.167 
  -0.040 
  -0.176 
  -0.167 
   0.048 
   0.355 
   0.039 
  -0.491 
  -0.139 
   0.028 
   0.133 
  -0.023 
  -0.130 
   0.342 
   0.175 
   0.186 
  -0.066 
  -0.113 
  -0.149 
   0.072 
   0.350 
  -0.324 
  -0.281 
  -0.010 
  -0.014 
   0.056 
  -0.228 
   0.125 
  -0.219 
  -0.373 
   0.598 
  -0.217 
  -0.312 
  -0.211 
  -0.146 
   1.012 
   0.320 
  -0.505 
   0.101 
   0.136 
   0.484 
  -0.003 
  -0.527 
  -0.028 
  -0.054 
   0.185 
  -0.076 
  -0.195 
   0.507 
   0.168 
  -0.502 
   0.194 
   0.252 
  -0.148 
  -0.361 
   0.461 
  -0.166 
  -0.287 
   0.279 
   0.195 
  -0.134 
  -0.215 
   0.303 
  -0.067 
  -0.365 
   0.340 
  -0.158 
  -0.024 
   0.075 
   0.085 
   0.063 
  -0.481 
   0.425 
  -0.373 
   0.098 
   0.068 
  -0.172 
  -0.312 
  -0.033 
  -0.046 
  -0.043 
  -0.163 
  -0.026 
   0.255 
  -0.139 
  -0.080 
   0.457 
   0.147 
  -0.389 
   0.368 
  -0.074 
  -0.080 
  -0.066 
  -0.118 
  -0.150 
   0.414 
  -0.067 
  -0.391 
   0.429 
  -0.160 
  -0.130 
   0.169 
  -0.010 
  -0.267 
   0.288 
  -0.011 
   0.339 
   0.018 
  -0.195 
   0.065 
   0.031 
  -0.078 
   0.001 
   0.161 
  -0.023 
  -0.108 
  -0.039 
  -0.063 
   0.352 
  -0.100 
  -0.226 
   0.240 
   0.200 
   0.247 
  -0.157 
  -0.117 
   0.018 
  -0.047 
  -0.391 
  -0.000 
   0.330 
   0.265 
   0.065 
  -0.448 
   0.056 
   0.400 
  -0.114 
   0.013 
   0.056 
   0.002 
  -0.077 
  -0.038 
   0.034 
   1.054 
  -0.034 
  -0.763 
   0.324 
   0.130 
  -0.053 
  -0.035 
   0.156 
  -0.372 
  -0.307 
   0.274 
  -0.058 
  -0.166 
  -0.004 
   0.013 
   0.916 
   0.034 
  -0.730 
   0.014 
  -0.152 
  -0.864 
  -0.084 
  -0.316 
   0.083 
   0.015 
   0.122 
  -0.036 
  -0.021 
  -0.124 
   0.199 
   0.073 
  -0.041 
  -0.026 
   0.557 
  -0.012 
  -0.279 
   0.058 
  -0.283 
  -0.472 
   0.032 
   0.308 
  -0.167 
  -0.065 
  -0.409 
   0.114 
   0.116 
   0.166 
   0.060 
   0.105 
   0.016 
  -0.053 
   0.220 
   0.079 
  -0.073 
  -0.282 
   0.411 
   0.267 
   0.216 
   0.795 
   0.076 
  -0.666 
  -0.196 
  -0.342 
   0.624 
  -0.216 
  -0.374 
   0.392 
   0.138 
  -0.432 
   0.153 
   0.285 
   0.008 
  -0.042 
  -0.433 
   0.144 
   0.066 
   0.023 
   0.184 
  -0.180 
  -0.065 
   0.025 
   0.040 
  -0.022 
   0.141 
  -0.039 
  -0.086 
  -0.005 
   0.057 
   0.086 
  -0.183 
   0.098 
   0.132 
  -0.274 
  -0.771 
   0.337 
   0.590 
  -0.245 
  -0.037 
   0.471 
  -0.049 
  -0.590 
  -0.147 
   0.195 
   0.244 
   1.332 
   0.126 
  -0.016 
  -0.161 
   0.279 
  -0.072 
  -0.141 
  -0.096 
  -0.107 
  -0.607 
   0.512 
  -0.194 
  -0.037 
  -0.195 
  -0.003 
   0.065 
  -0.321 
  -0.297 
   0.253 
  -0.060 
  -0.204 
   0.112 
   0.000 
  -0.055 
   0.122 
  -0.087 
   0.156 
  -0.069 
  -0.051 
  -0.172 
   0.290 
   0.178 
   0.162 
  -0.302 
  -0.046 
   0.293 
   0.003 
  -0.112 
   0.447 
  -0.161 
  -0.266 
   0.234 
   0.108 
  -0.012 
   0.087 
  -0.094 
  -0.007 
  -0.085 
  -0.341 
  -0.021 
   0.336 
  -0.113 
  -0.049 
  -0.360 
  -0.371 
   0.493 
   0.203 
  -0.081 
   0.240 
   0.174 
  -0.238 
  -0.256 
  -0.425 
   0.380 
  -0.169 
  -0.328 
   0.411 
  -0.050 
  -0.526 
   0.066 
   0.209 
   0.053 
  -0.295 
   0.176 
  -0.099 
  -0.030 
  -0.284 
  -0.276 
  -0.383 
   0.028 
   0.357 
   0.087 
   0.039 
   0.107 
   0.026 
  -0.089 
  -0.243 
  -0.419 
   0.567 
  -0.189 
  -0.380 
   0.059 
   0.050 
  -0.127 
   0.046 
   0.214 
   0.204 
   0.317 
   1.065 
   0.319 
  -0.544 
  -0.168 
   0.027 
   0.674 
   0.278 
   0.244 
  -0.001 
  -0.107 
   0.109 
   0.108 
   0.220 
  -0.027 
  -0.416 
  -0.105 
   0.427 
   0.144 
   0.223 
  -0.194 
   0.138 
   0.076 
   0.111 
   0.016 
  -0.704 
  -0.130 
  -0.071 
   0.131 
  -0.027 
  -0.066 
  -0.015 
  -0.015 
   0.037 
   0.034 
  -0.105 
  -0.111 
  -0.151 
   0.315 
  -0.069 
  -0.228 
  -0.362 
  -0.093 
  -0.409 
  -0.424 
   0.615 
  -0.131 
  -0.357 
   0.292 
  -0.161 
  -0.017 
  -0.147 
   0.001 
   1.023 
  -0.076 
  -0.812 
  -0.056 
  -0.317 
  -0.069 
  -0.105 
   0.075 
  -0.182 
  -0.019 
  -0.264 
  -0.010 
   0.022 
   0.105 
   0.089 
   1.076 
   0.292 
  -0.588 
   0.264 
   0.161 
   0.493 
  -0.041 
  -0.279 
   0.289 
   0.341 
   1.104 
   0.313 
  -0.501 
  -0.007 
  -0.108 
   0.370 
  -0.095 
  -0.305 
  -0.030 
   0.006 
   1.019 
  -0.023 
  -0.767 
  -0.311 
  -0.469 
   0.788 
  -0.249 
  -0.512 
   0.061 
   0.033 
  -0.079 
  -0.063 
   0.136 
   0.171 
   0.004 
  -0.316 
  -0.378 
   0.632 
   0.579 
   0.074 
   0.357 
  -0.192 
  -0.210 
   0.324 
   0.086 
   0.075 
  -0.244 
   0.124 
  -0.067 
  -0.062 
  -0.235 
  -0.093 
   0.366 
   0.037 
   0.084 
   1.105 
   0.318 
  -0.533 
   0.189 
   0.011 
   0.490 
  -0.003 
  -0.271 
  -0.112 
  -0.028 
   0.439 
  -0.428 
  -0.156 
   0.122 
   0.007 
  -0.304 
  -0.035 
   0.332 
   0.291 
   0.008 
  -0.256 
   0.131 
   0.135 
   0.313 
   0.178 
   0.308 
   0.091 
  -0.240 
   0.129 
   0.178 
   1.080 
   0.619 
  -0.282 
   0.192 
  -0.010 
  -0.467 
   0.044 
   0.257 
   0.230 
  -0.113 
   0.361 
  -0.366 
  -0.197 
   0.232 
   0.030 
   0.034 
  -0.072 
   0.071 
   0.354 
  -0.099 
  -0.287 
   0.231 
   0.132 
  -0.020 
  -0.422 
   0.152 
  -0.129 
  -0.035 
  -0.194 
   0.132 
   0.180 
   0.114 
  -0.001 
   0.262 
  -0.084 
  -0.131 
   0.156 
   0.166 
   0.121 
  -0.075 
  -0.104 
   0.159 
   0.223 
  -0.453 
   0.011 
   0.314 
   0.064 
  -0.050 
  -0.010 
  -0.106 
   0.218 
   0.237 
   0.048 
  -0.215 
   0.025 
   0.136 
  -0.087 
  -0.086 
  -0.268 
  -0.432 
   0.511 
   0.068 
   0.155 
   0.967 
  -0.006 
  -0.830 
  -0.080 
  -0.040 
   0.014 
   0.099 
  -0.032 
  -0.064 
  -0.306 
   0.317 
  -0.062 
  -0.209 
  -0.216 
  -0.168 
   0.271 
   0.807 
   0.014 
  -0.007 
   0.224 
  -0.110 
  -0.103 
   0.045 
   0.020 
   0.157 
   0.006 
  -0.114 
   0.021 
  -0.112 
  -0.611 
   0.206 
   0.443 
  -0.099 
  -0.039 
   0.151 
  -0.022 
  -0.091 
  -0.021 
  -0.020 
  -0.076 
   0.117 
  -0.029 
   0.046 
   0.098 
   0.189 
  -0.060 
  -0.068 
  -0.441 
  -0.353 
   1.263 
  -0.333 
  -1.058 
  -0.143 
  -0.114 
   0.387 
  -0.114 
  -0.267 
  -0.044 
  -0.056 
  -0.278 
  -0.103 
   0.345 
   0.067 
  -0.071 
  -0.498 
  -0.035 
   0.524 
   0.165 
  -0.065 
  -0.012 
   1.195 
  -0.042 
  -0.349 
   0.027 
  -0.157 
  -0.043 
   0.077 
   0.049 
  -0.396 
  -0.195 
   0.549 
  -0.137 
  -0.014 
   0.904 
   0.025 
  -0.765 
   0.105 
  -0.004 
  -0.174 
  -0.145 
   0.137 
  -0.051 
  -0.022 
   0.087 
   0.009 
  -0.073 
  -0.194 
  -0.037 
  -0.195 
  -0.003 
   0.065 
  -0.242 
   0.020 
   0.118 
   0.220 
  -0.354 
   0.052 
  -0.112 
  -0.366 
   0.029 
   0.355 
  -0.003 
  -0.028 
   0.045 
   0.054 
  -0.139 
  -0.052 
  -0.038 
   0.127 
   0.001 
  -0.151 
  -0.072 
  -0.014 
   0.115 
  -0.026 
  -0.165 
   0.075 
  -0.142 
  -0.261 
  -0.222 
   0.477 
   0.072 
  -0.003 
   0.489 
  -0.062 
  -0.236 
  -0.007 
  -0.057 
  -0.384 
   0.003 
   0.410 
   0.378 
   0.353 
   1.044 
   0.345 
  -0.474 
  -0.196 
  -0.315 
   0.866 
  -0.111 
  -0.451 
  -0.058 
  -0.537 
   0.373 
  -0.653 
   0.228 
   0.262 
  -0.110 
  -0.694 
   0.273 
   0.258 
  -0.091 
  -0.328 
   0.041 
  -0.055 
   0.180 
   0.242 
   0.188 
   0.235 
  -0.077 
  -0.202 
   0.217 
  -0.267 
  -0.498 
   0.114 
   0.265 
  -0.196 
  -0.001 
   0.126 
  -0.027 
  -0.074 
   0.101 
  -0.063 
   0.544 
  -0.068 
  -0.239 
   0.057 
  -0.087 
   0.066 
   0.062 
  -0.142 
  -0.272 
  -0.102 
   0.771 
  -0.132 
  -0.713 
  -0.047 
  -0.047 
   0.077 
   0.004 
  -0.090 
   0.093 
  -0.070 
  -0.216 
   0.293 
  -0.087 
  -0.422 
  -0.495 
   0.670 
  -0.471 
  -0.159 
   0.024 
   0.013 
   1.039 
  -0.047 
  -0.824 
  -0.108 
  -0.029 
   0.120 
  -0.036 
  -0.135 
  -0.259 
  -0.260 
   1.287 
  -0.380 
  -0.820 
   0.284 
   0.125 
  -0.373 
   0.065 
   0.342 
   0.018 
   0.072 
   0.099 
  -0.538 
   0.479 
  -0.121 
  -0.262 
   0.988 
  -0.166 
  -0.939 
   0.073 
   0.015 
  -0.053 
  -0.043 
   0.149 
   0.042 
  -0.020 
   0.162 
  -0.007 
  -0.155 
   0.050 
  -0.170 
   0.046 
  -0.323 
   0.417 
   0.152 
   0.127 
   0.508 
   0.449 
  -0.330 
   0.271 
   0.127 
  -0.084 
  -0.029 
   0.190 
   0.109 
   0.196 
   1.065 
   0.784 
  -0.844 
  -0.066 
  -0.034 
   0.167 
  -0.066 
  -0.126 
   0.085 
  -0.031 
   0.058 
  -0.123 
   0.081 
   0.271 
   0.000 
   0.514 
  -0.040 
  -0.251 
  -0.001 
   0.090 
  -0.418 
  -0.501 
   0.903 
   0.129 
  -0.023 
  -0.078 
  -0.004 
   0.204 
  -0.072 
   0.015 
   0.077 
  -0.509 
   0.342 
  -0.122 
   0.259 
   0.188 
   1.340 
   0.212 
   0.020 
  -0.421 
  -0.314 
   0.663 
   0.205 
   0.148 
  -0.101 
   0.124 
  -0.055 
  -0.201 
   0.014 
   0.393 
   0.021 
  -0.544 
  -0.269 
  -0.078 
   0.022 
  -0.398 
   0.259 
  -0.253 
   0.003 
  -0.064 
  -0.102 
   0.022 
   0.392 
   0.138 
  -0.432 
   0.153 
   0.285 
   0.406 
   0.099 
  -0.602 
   0.306 
   0.334 
   0.189 
   0.170 
  -0.070 
   0.063 
   0.019 
  -0.208 
  -0.068 
   0.952 
  -0.269 
  -0.914 
   0.558 
   0.108 
   0.455 
  -0.295 
  -0.228 
  -0.131 
  -0.455 
   0.452 
  -0.228 
  -0.086 
  -0.231 
  -0.350 
  -0.227 
  -0.049 
   0.300 
   0.229 
   0.150 
   0.093 
  -0.036 
  -0.073 
  -0.171 
  -0.097 
  -0.118 
  -0.455 
   0.454 
  -0.208 
  -0.006 
   0.573 
  -0.094 
  -0.631 
   0.181 
   0.035 
  -0.098 
  -0.738 
   0.755 
   0.166 
   0.134 
  -0.089 
   0.109 
  -0.041 
  -0.059 
  -0.036 
   0.228 
  -0.095 
  -0.164 
   0.077 
   0.065 
   0.043 
   0.086 
  -0.181 
   0.008 
   0.212 
   1.034 
  -0.090 
  -0.817 
   0.130 
  -0.040 
  -0.130 
  -0.003 
   0.202 
  -0.550 
  -0.297 
   0.794 
  -0.130 
  -0.783 
  -0.142 
  -0.022 
   0.992 
  -0.014 
  -0.830 
   0.222 
   0.102 
   0.015 
   0.104 
  -0.066 
  -0.329 
  -0.066 
   1.033 
  -0.248 
  -0.785 
  -0.133 
   0.029 
  -0.401 
   0.096 
   0.146 
   0.261 
  -0.048 
  -0.039 
   0.104 
  -0.047 
   0.353 
  -0.093 
  -0.933 
   0.465 
   0.366 
  -0.039 
   0.036 
   0.165 
  -0.069 
  -0.105 
   0.385 
   0.109 
   0.149 
  -0.244 
  -0.147 
  -0.160 
   0.319 
   0.184 
   1.237 
  -0.056 
   0.045 
   0.966 
  -0.022 
  -0.748 
   0.184 
  -0.074 
   0.057 
  -0.283 
   0.221 
   0.158 
  -0.109 
   0.507 
  -0.426 
  -0.234 
   0.238 
   0.102 
   0.034 
   0.069 
  -0.122 
  -0.074 
   0.180 
   0.468 
  -0.019 
  -0.578 
   0.225 
   0.191 
   0.875 
   0.044 
  -0.720 
   0.130 
   0.114 
  -0.040 
  -0.213 
   0.326 
   0.039 
  -0.096 
  -0.170 
   0.356 
  -0.109 
   0.111 
  -0.016 
   0.178 
  -0.056 
  -0.183 
   0.262 
   0.005 
  -0.060 
   0.000 
   0.088 
  -0.138 
   0.003 
  -0.087 
  -0.096 
  -0.062 
   0.041 
  -0.499 
  -0.235 
  -0.124 
   0.625 
  -0.220 
  -0.325 
   1.024 
  -0.011 
  -0.840 
  -0.002 
   0.127 
   0.569 
   0.468 
  -0.333 
   0.088 
  -0.273 
   1.067 
  -0.136 
  -0.646 
   0.184 
   0.146 
   0.048 
   0.035 
  -0.160 
   0.159 
   0.043 
   0.031 
   0.074 
  -0.159 
  -0.236 
  -0.173 
   0.365 
   0.032 
  -0.158 
  -0.170 
  -0.000 
   0.032 
   0.035 
  -0.042 
  -0.221 
  -0.078 
   0.911 
  -0.347 
  -0.510 
  -0.161 
  -0.249 
   0.362 
   0.020 
  -0.203 
  -0.017 
  -0.019 
   0.081 
   0.010 
  -0.123 
  -0.063 
  -0.154 
  -0.029 
  -0.678 
   0.678 
  -0.122 
  -0.131 
  -0.385 
  -0.507 
   0.939 
  -0.120 
   0.259 
   0.066 
   0.158 
   0.010 
   0.042 
   0.141 
  -0.067 
   0.132 
  -0.042 
  -0.122 
   0.003 
   0.195 
   0.055 
  -0.074 
  -0.527 
   0.135 
   0.415 
   0.379 
   0.105 
   0.476 
  -0.308 
  -0.272 
   0.335 
   0.098 
  -0.286 
   0.087 
   0.240 
  -0.075 
  -0.013 
  -0.391 
  -0.005 
   0.355 
   0.129 
   0.192 
   0.846 
   0.060 
  -0.765 
  -0.233 
  -0.385 
   0.111 
  -0.181 
   0.017 
   0.182 
   0.143 
  -0.252 
  -0.160 
   0.328 
  -0.065 
  -0.034 
   0.167 
  -0.062 
  -0.126 
  -0.052 
  -0.180 
   0.465 
  -0.112 
  -0.357 
   0.279 
  -0.122 
   0.167 
  -0.077 
  -0.082 
  -0.141 
  -0.008 
   0.073 
  -0.005 
  -0.061 
   0.083 
  -0.119 
  -0.212 
   0.155 
   0.294 
  -0.173 
  -0.389 
   0.321 
  -0.168 
  -0.022 
  -0.220 
  -0.045 
   0.474 
  -0.428 
  -0.224 
   0.217 
  -0.180 
  -0.764 
   0.127 
   0.567 
   0.277 
  -0.001 
  -0.261 
   0.136 
   0.168 
  -0.161 
  -0.249 
   0.236 
  -0.139 
  -0.297 
   0.050 
  -0.034 
  -0.605 
   0.177 
   0.444 
   0.112 
   0.105 
   0.008 
   0.099 
  -0.050 
   0.037 
  -0.253 
   0.084 
  -0.198 
  -0.045 
  -0.217 
  -0.530 
  -0.235 
  -0.040 
  -0.089 
  -0.544 
  -0.136 
   0.577 
  -0.252 
   0.020 
  -0.012 
   0.171 
  -0.156 
  -0.276 
   0.286 
  -0.025 
   1.466 
   0.210 
  -0.118 
  -0.450 
   0.080 
   0.402 
  -0.103 
  -0.090 
   0.039 
   0.079 
   0.003 
   0.254 
   0.068 
  -0.200 
   0.252 
  -0.063 
  -0.283 
  -0.014 
   0.471 
  -0.016 
  -0.555 
  -0.015 
  -0.015 
   0.037 
   0.034 
  -0.105 
  -0.042 
  -0.385 
   0.078 
  -0.142 
  -0.013 
  -0.037 
  -0.102 
   0.189 
  -0.016 
  -0.082 
   0.146 
  -0.059 
   0.146 
   0.066 
  -0.229 
  -0.166 
  -0.151 
   0.698 
  -0.076 
  -0.713 
   0.184 
   0.168 
  -0.177 
   0.183 
  -0.014 
   0.042 
  -0.020 
   0.162 
  -0.007 
  -0.155 
   0.032 
  -0.037 
  -0.452 
   0.028 
   0.367 
  -0.045 
  -0.372 
   0.358 
  -0.466 
   0.250 
  -0.162 
  -0.353 
  -0.030 
  -0.105 
   0.131 
  -0.053 
  -0.103 
   0.560 
  -0.575 
   0.166 
  -0.103 
   0.045 
   1.024 
  -0.507 
  -0.511 
   0.216 
   0.238 
  -0.013 
   0.082 
  -0.081 
  -0.410 
  -0.467 
   1.140 
  -0.263 
  -0.952 
  -0.223 
   0.012 
   0.099 
   0.190 
  -0.279 
  -0.252 
  -0.252 
   0.977 
  -0.182 
  -0.928 
   0.122 
   0.095 
  -0.018 
   0.072 
  -0.016 
  -0.145 
  -0.005 
  -0.311 
  -0.017 
   0.142 
  -0.196 
  -0.114 
   0.111 
  -0.408 
   0.384 
  -0.129 
  -0.138 
  -0.154 
  -0.409 
   0.472 
  -0.200 
  -0.050 
   0.509 
  -0.062 
  -0.578 
  -0.271 
  -0.226 
   1.017 
  -0.229 
  -0.949 
  -0.069 
  -0.059 
   1.025 
  -0.001 
  -0.822 
  -0.259 
  -0.478 
  -0.235 
  -0.126 
  -0.012 
   0.178 
  -0.221 
   0.054 
  -0.210 
   0.067 
   0.513 
  -0.573 
  -0.198 
  -0.447 
  -0.557 
   0.902 
  -0.438 
  -0.585 
   0.208 
  -0.045 
  -0.426 
   0.145 
   0.287 
  -0.141 
  -0.671 
  -0.256 
   0.030 
  -0.103 
  -0.017 
  -0.313 
   0.400 
   0.095 
  -0.147 
  -0.629 
   0.009 
   0.697 
   0.082 
   0.031 
   0.393 
   0.039 
  -0.242 
  -0.138 
  -0.027 
   0.173 
  -0.086 
  -0.148 
   0.035 
  -0.055 
  -0.187 
  -0.149 
   0.274 
   0.011 
  -0.142 
   0.417 
  -0.085 
  -0.310 
   0.290 
  -0.017 
   0.913 
   0.996 
   0.183 
   0.067 
  -0.183 
   0.585 
  -0.187 
  -0.434 
   0.123 
   0.016 
   0.155 
   0.018 
  -0.230 
  -0.275 
   0.046 
   0.380 
   0.017 
  -0.562 
  -0.146 
  -0.448 
   0.289 
  -0.267 
  -0.095 
  -0.006 
  -0.022 
   0.132 
  -0.009 
  -0.164 
   0.080 
   0.059 
  -0.140 
  -0.001 
   0.196 
  -0.073 
  -0.026 
   0.147 
  -0.024 
  -0.128 
  -0.070 
  -0.319 
  -0.074 
   0.059 
   0.174 
   0.403 
   0.087 
  -0.313 
  -0.011 
   0.360 
  -0.251 
  -0.138 
   0.078 
  -0.448 
   0.294 
  -0.029 
  -0.107 
   0.006 
  -0.272 
   0.355 
   0.228 
  -0.025 
  -0.249 
   0.380 
  -0.153 
   0.067 
  -0.083 
   0.555 
  -0.315 
  -0.208 
   0.063 
   0.215 
   0.059 
   0.047 
  -0.068 
  -0.242 
  -0.287 
   1.131 
  -0.073 
  -0.835 
  -0.004 
   0.032 
  -0.199 
   0.117 
  -0.022 
  -0.203 
  -0.204 
   1.267 
  -0.090 
  -1.002 
  -0.052 
   0.134 
   0.062 
  -0.396 
   0.320 
   0.289 
   0.057 
   0.378 
  -0.585 
   0.104 
  -0.391 
   0.158 
   0.091 
  -0.203 
  -0.494 
   0.345 
  -0.682 
   0.312 
  -0.326 
   0.389 
   0.552 
   1.067 
   0.187 
  -0.034 
  -0.550 
   0.134 
   0.235 
   0.110 
  -0.087 
  -0.067 
   0.149 
   0.040 
  -0.108 
  -0.565 
   1.327 
  -0.126 
  -0.892 
   0.215 
   0.221 
  -0.750 
   0.182 
   0.516 
  -0.023 
   0.025 
   0.024 
  -0.448 
   0.304 
  -0.173 
  -0.095 
   0.279 
  -0.486 
   0.152 
   0.030 
   0.010 
   0.538 
  -0.042 
  -0.255 
  -0.054 
   0.019 
   0.016 
   0.165 
  -0.146 
  -0.122 
  -0.012 
   0.232 
  -0.111 
  -0.103 
   0.256 
  -0.149 
   0.706 
  -0.411 
  -0.307 
  -0.235 
  -0.382 
   0.137 
  -0.237 
   0.129 
   0.009 
  -0.086 
   0.263 
  -0.284 
  -0.046 
  -0.075 
  -0.125 
  -0.586 
  -0.061 
   0.583 
  -0.121 
   0.082 
   0.282 
   0.094 
  -0.456 
   0.113 
  -0.065 
   0.019 
  -0.207 
   0.309 
   0.313 
   0.129 
  -0.142 
   0.212 
  -0.095 
  -0.236 
  -0.289 
  -0.524 
   0.068 
   0.400 
   0.223 
  -0.008 
  -0.538 
   0.199 
   0.312 
   0.470 
   0.077 
   0.070 
  -0.184 
  -0.075 
   0.066 
  -0.017 
  -0.248 
   0.172 
  -0.014 
  -0.083 
  -0.093 
   0.338 
   0.116 
  -0.481 
   0.106 
   0.032 
   0.370 
  -0.386 
   0.217 
   0.141 
  -0.188 
   0.643 
  -0.352 
  -0.300 
  -0.132 
   0.426 
   0.212 
  -0.062 
   0.035 
   1.059 
  -0.065 
  -0.773 
   0.059 
   0.171 
  -0.015 
   0.043 
  -0.037 
  -0.317 
  -0.388 
   0.525 
  -0.182 
  -0.344 
  -0.044 
   0.159 
   0.387 
   0.022 
  -0.536 
  -0.377 
  -0.497 
   0.919 
  -0.679 
  -0.236 
   0.129 
  -0.138 
  -0.740 
   0.284 
   0.384 
   0.413 
  -0.189 
  -0.588 
   0.222 
   0.393 
   0.160 
  -0.036 
   0.530 
  -0.196 
  -0.474 
  -0.275 
  -0.055 
   0.019 
  -0.402 
   0.291 
   0.268 
  -0.049 
  -0.592 
   0.126 
  -0.110 
  -0.710 
   0.326 
   0.264 
   0.186 
  -0.087 
   0.590 
  -0.353 
  -0.259 
   0.174 
   0.405 
   1.047 
   0.672 
  -0.772 
   0.052 
  -0.082 
   0.022 
   0.075 
  -0.114 
   0.057 
  -0.087 
   0.066 
   0.062 
  -0.142 
   0.007 
  -0.085 
   0.407 
  -0.143 
  -0.347 
  -0.176 
  -0.415 
   0.138 
  -0.218 
   0.026 
   0.086 
   0.157 
   1.106 
   0.605 
  -0.300 
   0.175 
   0.022 
   0.425 
   0.069 
  -0.252 
  -0.292 
  -0.327 
  -0.130 
  -0.091 
   0.169 
   0.093 
  -0.002 
   0.296 
  -0.149 
  -0.163 
   0.275 
   0.002 
   0.269 
   0.223 
  -0.300 
   0.387 
   0.188 
   0.287 
   0.124 
  -0.158 
  -0.053 
  -0.033 
   0.086 
  -0.034 
  -0.053 
   0.132 
   0.107 
   0.308 
  -0.366 
  -0.098 
   0.300 
   0.302 
   1.095 
   0.309 
  -0.575 
  -0.124 
  -0.015 
   0.069 
   0.250 
  -0.263 
  -0.239 
  -0.570 
   1.022 
  -0.252 
  -0.665 
   0.181 
   0.155 
  -0.025 
   0.052 
  -0.037 
  -0.257 
  -0.412 
   0.536 
  -0.088 
  -0.347 
   0.170 
  -0.414 
   1.339 
  -0.156 
  -0.869 
   0.043 
  -0.113 
  -0.223 
  -0.600 
   0.750 
   0.084 
  -0.504 
   0.375 
  -0.734 
   0.384 
   0.416 
   0.150 
  -0.530 
   0.106 
   0.187 
   0.322 
   0.206 
  -0.046 
   0.069 
  -0.048 
   0.167 
  -0.010 
  -0.183 
   0.298 
  -0.152 
   0.081 
   0.108 
   1.078 
   0.341 
  -0.512 
   0.049 
  -0.036 
  -0.368 
  -0.062 
   0.257 
  -0.085 
  -0.038 
   0.165 
  -0.022 
  -0.113 
  -0.267 
  -0.077 
  -0.237 
  -0.618 
   0.685 
  -0.178 
  -0.105 
   0.083 
  -0.134 
   0.048 
  -0.235 
   0.035 
   0.515 
  -0.042 
  -0.550 
  -0.054 
  -0.017 
   0.049 
   0.029 
  -0.048 
  -0.036 
   0.124 
   0.917 
  -0.239 
  -0.892 
  -0.137 
  -0.549 
   0.995 
  -0.780 
  -0.222 
   0.261 
  -0.086 
  -0.743 
   0.347 
   0.275 
   0.076 
  -0.002 
   0.128 
  -0.002 
  -0.130 
   0.080 
   0.067 
  -0.189 
  -0.014 
   0.145 
  -0.004 
   0.032 
  -0.199 
   0.117 
  -0.022 
  -0.287 
  -0.081 
   0.100 
  -0.574 
   0.327 
  -0.042 
  -0.349 
   0.027 
  -0.157 
  -0.043 
   0.337 
  -0.156 
   0.017 
  -0.223 
   0.124 
   0.029 
  -0.106 
  -0.278 
  -0.029 
   0.424 
  -0.051 
   0.007 
   0.594 
  -0.095 
  -0.356 
  -0.080 
   0.059 
   1.021 
  -0.302 
  -0.715 
   0.041 
   0.096 
   0.411 
  -0.381 
   0.130 
   0.070 
   0.074 
   1.050 
   0.310 
  -0.542 
  -0.084 
  -0.029 
   0.107 
   0.003 
  -0.061 
  -0.092 
   0.022 
  -0.009 
   0.053 
  -0.108 
   0.320 
  -0.025 
  -0.504 
   0.054 
   0.410 
   0.126 
   0.065 
   1.040 
   0.262 
  -0.543 
   0.036 
   0.040 
   0.033 
  -0.371 
   0.351 
   0.061 
  -0.020 
   0.487 
  -0.007 
  -0.239 
   0.057 
  -0.087 
   0.066 
   0.062 
  -0.142 
   0.016 
  -0.104 
   0.078 
   0.038 
  -0.075 
   0.289 
   0.062 
   0.702 
  -0.301 
  -0.514 
  -0.082 
   0.211 
   0.286 
   0.061 
  -0.517 
   0.022 
   0.134 
   0.145 
   0.190 
  -0.268 
   0.094 
  -0.003 
   0.012 
   0.133 
  -0.169 
  -0.195 
  -0.024 
   0.030 
  -0.212 
   0.171 
  -0.140 
  -0.267 
   1.398 
  -0.116 
  -1.117 
  -0.137 
  -0.120 
   0.257 
  -0.055 
  -0.145 
  -0.161 
  -0.183 
  -0.178 
  -0.021 
   0.300 
  -0.009 
   0.009 
   0.148 
   0.018 
  -0.094 
   0.063 
   0.583 
   1.512 
   0.071 
  -0.093 
  -0.285 
  -0.082 
   0.296 
   0.256 
   0.267 
  -0.091 
   0.076 
  -0.021 
  -0.131 
  -0.048 
  -0.624 
   0.433 
   0.217 
  -0.072 
  -0.297 
  -0.389 
   0.073 
   0.237 
   0.218 
  -0.078 
  -0.182 
  -0.205 
   0.328 
   0.151 
  -0.081 
  -0.267 
  -0.368 
   0.441 
   0.198 
  -0.093 
   0.503 
  -0.427 
  -0.240 
  -0.117 
   0.074 
   0.963 
  -0.018 
  -0.712 
   0.019 
   0.217 
   0.976 
  -0.044 
  -0.830 
   0.308 
   0.131 
   0.291 
  -0.106 
  -0.214 
   0.392 
   0.265 
   1.128 
   0.296 
  -0.546 
  -0.020 
  -0.380 
  -0.033 
  -0.058 
  -0.002 
  -0.186 
  -0.299 
   0.091 
  -0.473 
   0.391 
  -0.424 
   0.364 
   0.493 
  -0.216 
  -0.007 
   0.403 
  -0.020 
  -0.552 
  -0.125 
  -0.095 
   1.263 
  -0.116 
  -0.921 
   0.372 
   0.103 
  -0.154 
  -0.141 
   0.263 
  -0.067 
  -0.033 
   0.006 
   0.114 
  -0.010 
  -0.283 
  -0.246 
   0.548 
  -0.453 
  -0.096 
   0.093 
   0.228 
  -0.356 
   0.034 
   0.140 
   0.257 
   0.077 
  -0.144 
   0.036 
   0.267 
  -0.238 
  -0.188 
   1.379 
  -0.140 
  -1.070 
  -0.235 
  -0.244 
   0.692 
  -0.243 
  -0.415 
   0.142 
   0.076 
   0.039 
  -0.092 
   0.098 
  -0.255 
  -0.000 
   0.456 
  -0.007 
  -0.581 
   0.128 
   0.017 
   0.029 
   0.055 
  -0.097 
  -0.053 
  -0.342 
   0.421 
  -0.241 
  -0.165 
   0.041 
   0.011 
   1.001 
  -0.008 
  -0.800 
   0.072 
   0.184 
  -0.669 
   0.271 
   0.230 
  -0.265 
  -0.492 
  -0.023 
  -0.705 
   0.783 
   0.105 
  -0.130 
   0.722 
  -0.303 
  -0.523 
  -0.011 
  -0.020 
   0.082 
   0.019 
  -0.132 
  -0.035 
  -0.038 
  -0.072 
   0.114 
  -0.007 
  -0.234 
  -0.372 
   0.572 
  -0.186 
  -0.396 
  -0.291 
   0.145 
   0.084 
  -0.196 
  -0.119 
   0.439 
  -0.154 
  -0.276 
  -0.080 
  -0.119 
   0.377 
   1.043 
  -0.175 
  -0.215 
   0.616 
  -0.193 
  -0.406 
  -0.499 
   0.080 
   0.463 
   0.477 
  -1.137 
   0.017 
   0.034 
  -0.076 
   0.026 
   0.192 
   0.150 
   0.006 
  -0.413 
   0.045 
   0.255 
  -0.009 
   0.029 
   1.025 
   0.248 
  -0.592 
   0.051 
  -0.017 
   0.508 
  -0.028 
  -0.233 
  -0.005 
   0.183 
   0.561 
  -0.093 
  -0.522 
  -0.001 
  -0.402 
   0.254 
  -0.059 
  -0.127 
   0.057 
  -0.033 
   0.213 
  -0.086 
  -0.185 
   0.234 
  -0.005 
  -0.116 
  -0.248 
   0.362 
   0.177 
  -0.079 
   0.086 
  -0.254 
  -0.075 
  -0.077 
  -0.033 
   0.167 
  -0.076 
  -0.109 
  -0.102 
  -0.550 
   0.612 
  -0.868 
   0.422 
  -0.053 
  -0.007 
   0.161 
  -0.007 
  -0.151 
   0.382 
   0.051 
  -0.141 
   0.028 
   0.209 
   0.265 
   0.172 
   0.134 
  -0.018 
  -0.156 
  -0.066 
  -0.034 
   0.167 
  -0.066 
  -0.126 
  -0.133 
  -0.358 
   0.685 
  -0.462 
  -0.195 
   0.143 
   0.140 
   0.668 
   0.528 
  -0.219 
   0.142 
   0.200 
   1.042 
  -0.016 
  -0.743 
  -0.068 
  -0.383 
   0.464 
  -0.075 
  -0.410 
   0.151 
   0.054 
  -0.622 
  -0.423 
   1.031 
  -0.023 
  -0.051 
   0.938 
  -0.361 
  -0.488 
  -0.304 
  -0.449 
   0.258 
  -0.139 
  -0.295 
  -0.343 
  -0.334 
   0.364 
  -0.131 
  -0.244 
  -0.033 
   0.016 
  -0.006 
   0.146 
  -0.051 
  -0.002 
   0.127 
   0.569 
   0.468 
  -0.333 
   0.020 
  -0.024 
  -0.371 
   0.011 
   0.340 
  -0.345 
  -0.224 
   0.904 
  -0.001 
  -0.772 
   0.038 
  -0.012 
   0.290 
  -0.128 
  -0.167 
  -0.083 
  -0.155 
   0.436 
  -0.108 
  -0.283 
   0.391 
   0.044 
  -0.045 
  -0.018 
   0.149 
  -0.034 
  -0.012 
   0.160 
  -0.062 
  -0.152 
  -0.200 
   0.202 
   0.980 
   0.300 
  -0.188 
   0.357 
   0.234 
   0.291 
   0.125 
   0.634 
  -0.277 
  -0.479 
   0.243 
   0.184 
  -0.559 
   0.002 
   0.434 
   0.268 
   0.058 
  -0.398 
   0.010 
   0.346 
   0.131 
  -0.087 
  -0.374 
   0.055 
   0.214 
  -0.031 
  -0.431 
  -0.023 
  -0.098 
  -0.019 
  -0.218 
   0.093 
   0.068 
  -0.079 
  -0.013 
  -0.128 
  -0.081 
   0.046 
   0.265 
  -0.022 
  -0.102 
   0.033 
   0.078 
  -0.023 
   0.112 
   0.579 
   0.515 
  -0.283 
   0.053 
   0.157 
   1.093 
   0.329 
  -0.550 
   0.311 
  -0.143 
  -0.849 
   0.339 
   0.491 
  -0.107 
  -0.064 
   0.048 
   0.057 
  -0.029 
   0.271 
   0.169 
   0.139 
  -0.014 
  -0.169 
  -0.367 
  -0.065 
  -0.415 
  -0.401 
   0.628 
   0.217 
   0.156 
  -0.096 
  -0.051 
   0.197 
   0.089 
   0.031 
   0.018 
   0.155 
  -0.159 
  -0.056 
  -0.317 
  -0.069 
  -0.105 
   0.075 
   0.090 
  -0.139 
  -0.581 
   0.013 
   0.703 
  -0.340 
  -0.288 
   1.411 
  -0.451 
  -0.865 
   0.036 
  -0.345 
   0.095 
   0.209 
  -0.309 
   0.210 
  -0.019 
  -0.165 
  -0.173 
   0.163 
  -0.023 
  -0.334 
  -0.172 
   0.067 
   0.175 
  -0.011 
  -0.121 
  -0.312 
   0.212 
   0.249 
   0.405 
   0.167 
  -0.268 
   0.085 
   0.146 
  -0.310 
   0.016 
   0.378 
   0.038 
  -0.541 
  -0.011 
  -0.136 
  -0.054 
   0.160 
   0.072 
   0.043 
   0.004 
   0.127 
  -0.013 
  -0.052 
  -0.059 
  -0.023 
   0.122 
  -0.050 
  -0.083 
  -0.191 
  -0.328 
   0.067 
  -0.089 
  -0.156 
  -0.225 
  -0.075 
  -0.154 
  -0.026 
   0.067 
  -0.184 
  -0.507 
   0.936 
  -0.716 
  -0.185 
  -0.050 
  -0.547 
  -0.442 
   0.329 
  -0.042 
   0.344 
  -0.195 
  -0.205 
  -0.378 
  -0.597 
   1.355 
  -0.896 
  -0.435 
  -0.125 
   0.079 
   0.869 
   0.019 
  -0.761 
   0.041 
   0.167 
   0.001 
   0.151 
  -0.125 
   0.283 
  -0.091 
  -0.232 
  -0.378 
   0.451 
  -0.084 
  -0.067 
   0.109 
   0.001 
  -0.112 
   0.172 
   0.003 
  -0.320 
  -0.035 
   0.186 
  -0.163 
  -0.026 
   0.255 
  -0.139 
  -0.080 
  -0.117 
   0.014 
   0.171 
  -0.069 
  -0.175 
  -0.173 
  -0.083 
   0.352 
  -0.096 
  -0.209 
  -0.198 
  -0.260 
   0.260 
  -0.007 
  -0.198 
   0.125 
  -0.079 
  -0.736 
   0.438 
   0.357 
   0.129 
  -0.023 
  -0.078 
  -0.004 
   0.204 
  -0.104 
   0.154 
   0.449 
  -0.042 
  -0.556 
  -0.162 
  -0.353 
  -0.030 
  -0.105 
   0.131 
   0.116 
   0.134 
   0.247 
  -0.137 
  -0.143 
  -0.313 
  -0.334 
   0.771 
  -0.629 
  -0.119 
   0.107 
  -0.123 
  -0.184 
  -0.388 
   0.486 
   0.299 
   0.034 
  -0.182 
   0.038 
   0.153 
  -0.341 
  -0.495 
   1.064 
  -0.470 
  -0.697 
  -0.287 
   0.352 
   0.543 
   1.212 
  -0.040 
  -0.097 
   0.391 
  -0.367 
  -0.135 
  -0.034 
  -0.012 
   0.160 
  -0.062 
  -0.152 
  -0.043 
  -0.104 
  -0.059 
  -0.750 
   0.528 
  -0.494 
  -0.180 
   0.669 
  -0.403 
  -0.492 
   0.081 
  -0.326 
  -0.594 
   0.192 
   0.157 
   0.135 
  -0.105 
  -0.470 
   0.068 
   0.264 
   0.175 
  -0.048 
  -0.203 
   0.011 
   0.208 
  -0.225 
  -0.367 
   0.675 
  -0.492 
  -0.147 
   0.430 
   0.039 
  -0.832 
   0.269 
   0.625 
   0.076 
  -0.002 
   0.128 
  -0.002 
  -0.130 
   0.315 
   0.334 
   1.118 
   0.338 
  -0.532 
  -0.328 
  -0.655 
   1.274 
   0.064 
   0.192 
  -0.104 
  -0.131 
   0.045 
   0.228 
   0.054 
  -0.002 
   0.031 
   0.110 
  -0.089 
   0.161 
  -0.505 
   1.092 
  -0.309 
  -0.611 
  -0.003 
  -0.410 
   0.423 
  -0.182 
  -0.104 
   0.024 
   0.139 
   0.272 
  -0.159 
  -0.105 
   0.045 
  -0.154 
   0.215 
  -0.559 
   0.455 
  -0.015 
  -0.040 
  -0.291 
  -0.022 
   0.299 
   0.090 
   0.044 
   0.486 
  -0.034 
  -0.224 
   0.120 
  -0.194 
   0.360 
  -0.152 
  -0.126 
   0.099 
   0.081 
   1.008 
  -0.400 
  -0.444 
   0.190 
   0.096 
  -0.451 
   0.123 
   0.338 
  -0.365 
   0.052 
   0.060 
   0.345 
  -0.026 
  -0.951 
   0.520 
   0.225 
  -0.187 
  -0.198 
   0.881 
  -0.140 
  -0.814 
   0.148 
  -0.681 
  -0.867 
   0.030 
  -0.173 
   0.086 
  -0.383 
   0.444 
  -0.528 
  -0.640 
   1.077 
  -1.106 
  -0.056 
  -0.101 
  -0.078 
   0.015 
   0.059 
  -0.035 
   0.033 
  -0.007 
  -0.107 
  -0.020 
   0.225 
   0.162 
  -0.063 
  -0.382 
   0.111 
   0.190 
   0.040 
   0.004 
   0.140 
  -0.032 
  -0.063 
  -0.194 
  -0.277 
   1.432 
  -0.149 
  -1.130 
  -0.076 
  -0.079 
   0.247 
  -0.289 
   0.015 
   0.127 
   0.097 
   0.163 
  -0.218 
   0.044 
   0.121 
   0.047 
  -0.045 
   0.105 
  -0.151 
  -0.206 
  -0.573 
   1.201 
  -0.962 
  -0.162 
  -0.275 
  -0.017 
   0.522 
  -0.067 
  -0.627 
  -0.250 
  -0.041 
  -0.106 
  -0.076 
   0.117 
  -0.096 
  -0.191 
   0.951 
   0.345 
  -0.497 
   0.148 
  -0.077 
   0.642 
   0.020 
  -0.363 
  -0.192 
   0.033 
   0.313 
  -0.290 
  -0.251 
   0.025 
  -0.125 
  -0.317 
  -0.223 
   0.669 
  -0.283 
   0.061 
   0.065 
   0.226 
  -0.304 
   0.012 
  -0.004 
   0.984 
  -0.019 
  -0.756 
   0.128 
  -0.003 
  -0.174 
   0.356 
  -0.177 
   0.178 
   0.162 
  -0.302 
  -0.046 
   0.293 
  -0.434 
  -0.325 
   0.241 
  -0.158 
  -0.217 
   0.164 
  -0.011 
  -0.120 
   0.012 
   0.131 
  -0.275 
  -0.055 
   0.019 
  -0.402 
   0.291 
   0.027 
  -0.188 
  -0.913 
  -1.093 
  -0.005 
  -0.305 
   0.176 
   0.120 
  -0.425 
   0.172 
   0.169 
   0.031 
  -0.191 
  -0.056 
   0.339 
  -0.115 
  -0.884 
   0.464 
   0.376 
  -0.151 
   0.020 
   0.118 
   0.235 
  -0.316 
   0.080 
   0.215 
   0.027 
   0.010 
  -0.039 
   0.306 
   0.160 
   0.201 
  -0.287 
  -0.083 
   0.211 
  -0.073 
  -0.440 
  -0.013 
   0.387 
   0.184 
  -0.074 
   0.057 
  -0.283 
   0.221 
  -0.117 
  -0.057 
  -0.245 
  -0.027 
   0.137 
  -0.101 
  -0.040 
   0.166 
  -0.069 
  -0.103 
  -0.179 
  -0.094 
   0.221 
  -0.332 
   0.098 
  -0.022 
   0.300 
   0.084 
  -0.143 
  -0.114 
   0.387 
  -0.114 
  -0.267 
   0.028 
  -0.275 
   0.188 
  -0.124 
  -0.070 
   0.267 
   0.225 
  -0.160 
  -0.008 
   0.181 
  -0.102 
  -0.308 
  -0.068 
  -0.050 
   0.199 
  -0.119 
  -0.072 
   0.233 
   0.112 
  -0.254 
   0.053 
  -0.351 
  -0.131 
  -0.118 
   0.336 
   0.106 
   0.049 
  -0.264 
   0.085 
   0.254 
   0.004 
  -0.000 
  -0.456 
   0.174 
   0.094 
   0.365 
  -0.063 
  -0.915 
   0.328 
   0.623 
   0.260 
   0.133 
  -0.057 
  -0.086 
   0.241 
   0.028 
   0.139 
   1.016 
  -0.046 
  -0.818 
  -0.165 
  -0.327 
   0.393 
  -0.095 
  -0.302 
  -0.102 
   0.043 
  -0.090 
   0.109 
   0.020 
  -0.041 
   0.048 
   0.131 
  -0.206 
   0.079 
   0.355 
   0.141 
  -0.212 
   0.013 
   0.228 
   0.345 
  -0.129 
  -0.159 
  -0.089 
   0.123 
   0.157 
  -0.057 
   0.078 
   0.049 
  -0.104 
   0.100 
   0.035 
   0.438 
  -0.421 
  -0.140 
   0.005 
  -0.047 
   0.983 
  -0.418 
  -0.427 
  -0.034 
   0.070 
   0.003 
   0.267 
  -0.256 
   0.151 
   0.015 
  -0.197 
  -0.544 
   0.754 
  -0.064 
  -0.311 
   0.652 
   0.000 
  -0.425 
  -0.199 
  -0.628 
   1.335 
  -0.466 
  -1.009 
   0.389 
  -0.243 
   1.110 
  -0.120 
   0.098 
  -0.094 
   0.190 
  -0.288 
   0.097 
  -0.312 
  -0.106 
   1.075 
  -0.797 
  -0.227 
   0.187 
  -0.081 
  -0.159 
   0.231 
  -0.077 
  -0.018 
  -0.059 
   0.076 
  -0.229 
   0.009 
   0.007 
  -0.085 
   0.407 
  -0.143 
  -0.347 
  -0.000 
  -0.322 
  -0.356 
   0.040 
   0.374 
  -0.030 
   0.021 
   0.249 
   0.146 
  -0.518 
  -0.180 
  -0.284 
   0.460 
  -0.218 
  -0.408 
  -0.148 
   0.005 
   0.997 
  -0.041 
  -0.809 
  -0.311 
   0.029 
   0.329 
   0.048 
  -0.528 
  -0.252 
  -0.058 
   0.255 
  -0.278 
  -0.038 
  -0.121 
   0.147 
  -0.561 
  -0.320 
   0.673 
   0.069 
   0.005 
   0.243 
  -0.086 
  -0.193 
  -0.114 
   0.052 
   0.918 
  -0.017 
  -0.774 
  -0.046 
  -0.037 
  -0.236 
  -0.149 
   0.348 
  -0.104 
   0.154 
   0.449 
  -0.042 
  -0.556 
   0.144 
   0.174 
  -0.490 
   0.012 
   0.396 
  -0.012 
  -0.535 
  -0.307 
  -0.113 
   0.540 
   0.063 
  -0.096 
   0.301 
  -0.410 
   0.151 
   0.155 
   0.253 
   0.892 
   0.018 
  -0.725 
   0.111 
  -0.052 
   0.017 
  -0.121 
   0.118 
   0.483 
   0.039 
  -0.423 
   0.405 
   0.145 
  -0.338 
  -0.301 
   0.682 
  -0.338 
  -0.441 
   0.179 
  -0.048 
  -0.327 
  -0.073 
   0.345 
  -0.092 
  -0.040 
   0.079 
   0.058 
  -0.080 
  -0.079 
   0.009 
   0.043 
  -0.029 
  -0.071 
   0.044 
  -0.397 
  -0.178 
  -0.002 
  -0.010 
   0.216 
   0.043 
  -0.302 
  -0.037 
   0.412 
  -0.180 
  -0.037 
  -0.005 
  -0.222 
   0.147 
  -0.036 
  -0.059 
  -0.227 
  -0.567 
   0.564 
  -0.128 
  -0.000 
  -0.000 
   0.040 
  -0.070 
   0.114 
  -0.128 
  -0.312 
  -0.186 
   0.482 
  -0.003 
  -0.391 
   0.053 
  -0.238 
   0.201 
  -0.315 
   0.134 
   0.072 
  -0.315 
   0.494 
   0.595 
  -0.090 
  -0.061 
   0.526 
  -0.489 
   0.110 
  -0.331 
   0.021 
   0.462 
  -0.025 
  -0.582 
   0.023 
   0.042 
   0.167 
  -0.025 
  -0.171 
  -0.066 
  -0.076 
  -0.261 
  -0.061 
   0.360 
   0.349 
   0.116 
  -0.279 
   0.087 
   0.204 
  -0.269 
  -0.580 
   1.515 
  -0.283 
  -0.872 
  -0.113 
   0.011 
   0.076 
  -0.009 
  -0.090 
   0.010 
  -0.028 
  -0.471 
  -0.134 
   0.530 
  -0.158 
  -0.005 
   0.230 
  -0.094 
  -0.161 
  -0.130 
  -0.071 
   0.131 
  -0.027 
  -0.066 
   0.016 
  -0.132 
   1.085 
  -0.715 
  -0.214 
   0.050 
  -0.113 
   0.126 
  -0.244 
  -0.013 
   0.132 
   0.134 
   0.046 
   0.071 
  -0.063 
  -0.350 
  -0.135 
   0.081 
   0.204 
   0.144 
  -0.478 
   0.041 
   0.375 
   0.434 
  -0.019 
  -0.677 
   0.120 
  -0.187 
   0.326 
  -0.193 
  -0.081 
   0.227 
  -0.048 
  -0.202 
   0.300 
  -0.153 
   0.032 
  -0.037 
  -0.452 
   0.028 
   0.367 
  -0.122 
  -0.040 
   0.166 
  -0.224 
   0.035 
   0.112 
  -0.071 
  -0.240 
   0.072 
   0.149 
  -0.333 
   0.131 
   0.187 
   0.187 
  -0.042 
  -0.195 
   0.358 
  -0.178 
   0.181 
  -0.053 
  -0.135 
   0.032 
   0.080 
   0.123 
   0.006 
   0.582 
  -0.110 
  -0.246 
   0.362 
   0.164 
   0.010 
   0.114 
  -0.157 
   0.109 
   0.169 
   0.936 
   0.007 
  -0.812 
   0.318 
  -0.130 
   0.012 
  -0.277 
   0.236 
   0.151 
  -0.003 
  -0.126 
  -0.052 
   0.216 
   0.425 
   0.198 
   0.978 
   0.269 
  -0.623 
   0.115 
   0.057 
  -0.150 
   0.151 
  -0.084 
  -0.098 
  -0.023 
  -0.053 
   0.136 
   0.007 
  -0.070 
  -0.406 
   0.641 
  -0.166 
  -0.493 
   0.214 
   0.141 
  -0.148 
  -0.206 
   0.302 
   0.010 
   0.067 
   0.078 
  -0.031 
  -0.048 
   0.124 
   0.199 
   0.388 
   0.043 
  -0.566 
  -0.036 
  -0.009 
   0.126 
  -0.045 
  -0.133 
  -0.012 
  -0.005 
   0.576 
  -0.056 
  -0.274 
  -0.049 
  -0.421 
   0.509 
  -0.050 
  -0.482 
  -0.011 
  -0.020 
   0.082 
   0.019 
  -0.132 
   0.278 
   0.178 
   0.102 
   0.004 
  -0.136 
  -0.198 
  -0.103 
  -0.304 
   0.152 
   0.248 
   0.483 
   0.147 
   0.028 
  -0.194 
   0.205 
  -0.173 
  -0.279 
   1.198 
  -0.227 
  -0.659 
