   0.096 
  -0.068 
   0.362 
  -0.131 
  -0.070 
  -0.032 
   0.052 
  -0.131 
  -0.119 
  -0.246 
  -0.362 
   0.109 
  -0.463 
   0.364 
   0.010 
  -0.534 
  -0.118 
   0.771 
   0.791 
   0.315 
  -0.282 
  -0.022 
  -0.095 
  -0.036 
   0.079 
  -0.004 
   0.798 
   0.079 
  -0.312 
   0.103 
  -1.133 
   0.813 
  -0.143 
   0.250 
   0.849 
   0.086 
  -0.322 
   0.280 
  -0.064 
   0.216 
   0.086 
  -0.261 
  -0.592 
  -0.030 
   0.100 
  -0.045 
  -0.075 
   0.040 
  -0.874 
  -0.299 
  -0.146 
   0.060 
  -0.058 
  -1.037 
  -0.069 
   0.078 
  -0.006 
   0.444 
   0.238 
   0.322 
   2.578 
  -0.239 
   0.089 
   0.255 
   0.035 
   0.294 
  -0.022 
   0.872 
   0.077 
   0.547 
   0.069 
  -0.131 
   0.064 
   0.258 
  -0.007 
  -0.344 
   0.024 
  -0.678 
  -0.103 
  -0.112 
   0.985 
   0.081 
   0.076 
  -0.131 
   0.043 
   0.321 
   0.344 
   1.080 
   0.115 
   1.259 
   1.823 
   0.051 
  -0.144 
   0.329 
   0.854 
   0.309 
  -0.097 
   0.123 
  -0.418 
  -0.446 
  -0.843 
  -0.115 
  -0.467 
   0.059 
  -0.006 
   0.324 
  -0.060 
   0.290 
  -0.067 
   0.115 
  -0.164 
   0.093 
   0.278 
   0.440 
   0.317 
   0.287 
  -0.417 
   0.070 
   0.283 
  -0.314 
   0.070 
  -0.038 
  -0.146 
   0.087 
  -0.056 
   2.249 
   0.318 
   2.519 
  -0.352 
  -0.018 
  -0.063 
   0.244 
   0.086 
  -0.340 
  -0.797 
  -0.046 
   0.012 
   0.484 
   0.079 
  -0.023 
  -0.240 
   0.043 
  -0.020 
  -0.069 
   0.108 
   0.107 
  -0.033 
   0.251 
  -0.316 
  -0.081 
   0.109 
   0.302 
  -0.068 
  -0.299 
  -0.264 
   0.006 
   0.067 
  -0.312 
   2.444 
   0.219 
   0.276 
   0.745 
  -0.635 
  -0.060 
   0.073 
   0.828 
  -0.222 
  -0.095 
  -0.422 
  -0.266 
   0.028 
   0.075 
   0.115 
  -0.092 
  -0.058 
  -0.029 
  -0.361 
  -0.007 
  -0.119 
  -0.433 
   0.070 
  -0.311 
   0.068 
   0.191 
   0.010 
  -0.292 
   0.265 
  -0.146 
  -0.035 
   0.014 
   0.005 
   0.074 
   1.117 
  -0.020 
   0.705 
   0.157 
   0.093 
  -0.081 
   2.440 
  -0.050 
  -0.248 
   0.318 
   0.314 
  -0.219 
   0.014 
   0.061 
   0.072 
  -0.395 
  -0.401 
   0.024 
   0.042 
   0.026 
  -0.433 
   0.319 
   0.155 
  -0.134 
   0.234 
   0.274 
  -0.100 
   0.656 
  -0.245 
  -0.081 
  -0.138 
  -0.647 
   0.234 
  -0.229 
  -0.081 
   0.715 
   0.319 
  -0.361 
  -0.361 
  -0.033 
   0.245 
  -0.120 
  -0.079 
  -0.291 
  -0.293 
   0.299 
  -0.022 
   0.577 
   0.079 
  -0.132 
   0.847 
  -0.080 
  -0.883 
   0.372 
  -0.006 
  -0.296 
  -0.298 
  -0.472 
  -0.258 
  -0.301 
  -0.048 
  -0.134 
   0.121 
  -0.955 
   0.233 
  -0.307 
  -0.402 
  -0.447 
   0.278 
  -0.161 
  -0.024 
  -0.051 
  -0.246 
   2.443 
   0.411 
  -0.433 
   0.249 
   0.199 
  -0.059 
   0.801 
   0.003 
  -0.460 
   1.570 
  -0.313 
  -0.176 
   0.071 
   0.320 
  -0.355 
   2.099 
   0.072 
  -0.295 
  -0.055 
  -0.298 
  -0.355 
   0.326 
   0.530 
  -0.211 
   2.208 
  -0.081 
   0.010 
  -0.103 
   0.069 
  -0.270 
  -0.147 
   0.367 
   0.113 
  -0.293 
  -0.192 
   0.490 
   0.087 
  -0.052 
   0.252 
  -0.022 
  -0.311 
  -0.243 
  -0.195 
  -0.082 
  -0.059 
  -0.020 
  -0.001 
   0.081 
   0.030 
   0.319 
   0.980 
  -0.053 
  -0.398 
  -0.132 
   0.039 
   0.316 
   0.090 
  -0.009 
   0.331 
  -0.325 
   0.324 
   0.316 
  -0.343 
   0.122 
  -0.097 
   0.310 
   0.002 
  -0.787 
   0.287 
   0.834 
   0.069 
  -0.276 
   0.317 
   0.255 
  -0.336 
  -0.284 
  -0.036 
   0.020 
   0.683 
   0.447 
  -0.027 
   0.308 
  -0.291 
   0.220 
   0.087 
   0.071 
  -0.267 
   2.243 
  -0.335 
   0.071 
  -0.098 
   0.122 
   0.722 
  -0.054 
  -0.031 
  -0.258 
   0.320 
  -0.154 
  -0.062 
  -0.292 
   0.014 
   2.066 
  -0.301 
   2.030 
  -0.308 
   0.031 
  -0.173 
  -0.337 
  -0.092 
   0.235 
   0.499 
  -0.138 
   2.243 
  -0.025 
   0.917 
   0.060 
   0.316 
   0.371 
  -0.086 
   0.283 
  -0.333 
   0.052 
  -0.133 
   0.205 
  -0.354 
  -0.071 
  -0.310 
  -0.161 
  -0.046 
   0.735 
   0.102 
  -0.058 
  -0.288 
  -0.824 
  -0.162 
   0.078 
   0.136 
  -0.081 
   0.318 
  -0.130 
  -0.917 
  -0.336 
  -0.162 
   0.278 
  -0.749 
   0.086 
  -0.025 
   0.320 
  -0.362 
  -0.016 
   0.069 
  -0.463 
   0.070 
   0.109 
   0.026 
   0.028 
   0.318 
  -0.127 
   0.056 
   2.234 
  -0.274 
   0.601 
   0.405 
  -0.034 
  -0.313 
   0.281 
  -0.045 
  -0.030 
   0.029 
  -0.335 
  -0.010 
   0.478 
   0.027 
  -0.012 
   0.004 
  -0.471 
   0.060 
   0.377 
  -0.648 
   0.073 
   0.006 
  -0.088 
   2.173 
  -0.042 
   0.006 
  -0.348 
  -0.321 
   0.304 
  -0.002 
  -0.380 
  -0.797 
  -0.097 
   0.101 
  -0.057 
  -0.308 
  -0.361 
   0.324 
   0.251 
   0.114 
   0.276 
   0.235 
  -0.201 
   0.074 
   0.136 
  -0.502 
  -0.320 
  -0.484 
   0.319 
   0.088 
   0.067 
  -0.371 
  -0.037 
  -0.281 
  -0.138 
   0.112 
   0.042 
  -0.087 
  -0.154 
   0.545 
  -0.018 
  -0.026 
  -0.751 
  -0.025 
   0.283 
   0.363 
   0.008 
  -0.307 
   0.322 
   0.104 
   0.157 
   0.031 
   0.002 
  -0.331 
  -0.416 
   0.283 
  -0.678 
   0.101 
   0.014 
  -0.259 
   0.233 
  -0.054 
   0.288 
  -0.050 
   0.088 
   0.310 
  -0.040 
  -0.183 
  -0.009 
  -0.125 
  -0.000 
  -0.067 
  -0.002 
   0.370 
  -0.095 
  -0.193 
   0.020 
  -0.439 
  -0.323 
   0.049 
   0.133 
  -0.162 
   0.875 
   0.422 
  -0.069 
  -0.491 
   0.089 
  -0.002 
  -0.549 
  -0.237 
   0.336 
  -0.303 
  -0.164 
   0.062 
  -0.050 
  -0.085 
  -0.031 
  -0.146 
  -0.086 
   0.049 
  -0.314 
  -0.081 
   0.006 
   0.076 
   0.603 
   0.001 
   0.011 
  -0.213 
  -0.056 
  -0.208 
  -0.395 
  -0.620 
   0.247 
  -0.132 
   0.312 
  -0.093 
  -0.097 
  -0.603 
  -0.029 
  -1.203 
   0.353 
  -0.203 
  -0.243 
   0.323 
   0.236 
  -0.083 
  -0.011 
  -0.104 
  -0.102 
  -0.393 
  -0.339 
  -0.452 
   0.065 
  -0.280 
  -0.008 
   0.075 
  -0.311 
  -0.297 
   0.052 
   0.224 
  -0.337 
  -0.132 
   0.543 
   0.323 
  -0.264 
  -0.276 
   0.321 
  -0.445 
   0.296 
   0.752 
  -0.044 
   0.694 
  -0.977 
   0.315 
  -0.389 
   0.278 
   0.118 
  -0.349 
  -0.115 
  -0.315 
   0.227 
  -0.102 
   0.342 
  -0.206 
   0.329 
   0.319 
  -0.234 
   0.285 
   0.232 
   0.241 
  -0.114 
   0.219 
   0.361 
   0.320 
  -0.069 
  -0.233 
   0.286 
  -0.313 
   0.235 
  -0.004 
   0.015 
   0.160 
   0.409 
  -0.169 
   0.202 
  -0.322 
   0.799 
   0.473 
   0.304 
  -0.028 
   0.029 
   0.174 
   0.032 
   0.319 
  -0.286 
  -0.392 
   0.327 
  -0.094 
   0.055 
  -0.062 
   2.201 
  -0.447 
   0.438 
   0.024 
   0.193 
  -0.920 
  -0.447 
   0.697 
   0.312 
   0.103 
   0.325 
   2.448 
   0.085 
   0.072 
  -0.143 
   0.014 
   0.076 
  -0.045 
   0.286 
   0.872 
   0.445 
  -0.081 
   0.331 
   0.321 
  -0.407 
   0.086 
   0.231 
   0.318 
  -0.327 
   0.034 
  -0.095 
   2.096 
   0.084 
   0.315 
   0.218 
   1.524 
   0.300 
   0.029 
   0.029 
  -0.011 
   0.294 
   0.286 
  -0.401 
  -0.020 
  -0.043 
  -0.624 
  -0.137 
  -0.216 
  -0.099 
  -1.462 
   0.004 
   0.114 
   0.121 
  -0.238 
  -0.397 
   0.521 
   0.347 
   0.223 
  -0.292 
  -0.326 
   2.114 
   0.099 
  -0.440 
   0.414 
  -0.042 
  -0.372 
   0.203 
   0.086 
  -0.457 
  -0.118 
   0.220 
  -0.555 
  -0.658 
   0.331 
  -0.290 
   0.032 
   0.198 
  -0.048 
  -0.126 
   0.241 
   0.288 
   0.019 
  -0.069 
  -0.142 
  -0.045 
  -0.326 
   0.719 
  -0.601 
  -0.549 
  -0.267 
  -0.042 
   1.502 
  -0.085 
  -0.146 
   0.171 
  -0.110 
  -0.262 
  -0.069 
  -0.120 
   0.109 
   0.063 
  -0.012 
  -0.067 
   0.006 
  -0.590 
  -0.268 
  -0.017 
   0.338 
   0.897 
   0.001 
   0.079 
   0.099 
  -0.006 
   0.284 
   0.099 
  -0.362 
   0.090 
  -0.011 
   0.139 
  -0.784 
  -0.048 
   0.108 
  -0.079 
   0.071 
  -0.069 
   0.033 
   0.000 
  -0.240 
   2.464 
   0.446 
   0.244 
   0.003 
   0.313 
  -0.041 
  -0.028 
  -0.292 
  -0.021 
  -0.630 
   0.441 
  -0.391 
   0.302 
   0.245 
   0.101 
   0.071 
  -0.397 
  -0.036 
   0.085 
  -0.273 
   0.085 
   0.769 
  -1.328 
   0.228 
  -0.081 
   0.319 
  -0.189 
   0.460 
   0.043 
  -0.308 
  -0.192 
  -0.324 
  -0.257 
  -0.072 
   0.369 
  -0.002 
  -0.041 
   0.001 
  -0.146 
  -0.693 
   0.399 
  -0.052 
  -1.228 
  -1.048 
   0.338 
  -0.011 
   1.037 
  -0.302 
   0.340 
   0.069 
  -0.040 
  -0.553 
   0.150 
  -0.081 
   2.414 
   0.149 
  -0.038 
  -0.045 
   0.444 
   0.154 
  -0.195 
   0.087 
   0.064 
  -0.019 
  -0.509 
   0.905 
   0.072 
  -0.171 
   0.545 
  -0.502 
  -1.161 
  -0.176 
  -0.315 
   0.258 
   0.001 
  -0.138 
  -0.065 
  -0.625 
   0.357 
   0.343 
   0.049 
   1.028 
  -0.327 
  -0.143 
  -0.209 
   0.320 
  -0.047 
  -0.406 
  -0.009 
   0.404 
  -0.336 
  -0.281 
  -0.023 
  -0.322 
   0.664 
  -0.604 
  -0.393 
   0.161 
  -0.518 
   0.099 
   0.251 
   0.028 
   0.283 
  -0.053 
   0.080 
   0.091 
   0.078 
  -0.336 
  -0.564 
  -0.313 
  -0.116 
  -0.398 
  -0.327 
  -0.254 
   0.318 
   0.447 
  -0.020 
   0.076 
   0.019 
  -0.072 
  -0.034 
  -0.079 
  -0.376 
   0.074 
   0.867 
   1.014 
  -0.048 
  -0.402 
   0.300 
  -1.368 
   0.892 
   0.526 
  -0.364 
   0.410 
   0.215 
   0.174 
   0.274 
   0.358 
  -0.647 
  -0.298 
   0.284 
   0.108 
  -0.094 
   0.067 
  -0.068 
  -0.190 
  -0.041 
  -0.113 
   0.375 
   0.648 
   0.282 
  -0.063 
  -0.049 
  -0.783 
  -0.316 
  -0.235 
   0.087 
  -0.067 
   0.321 
   0.312 
   0.935 
   0.283 
   0.297 
  -0.031 
  -0.029 
   0.109 
   0.069 
   0.069 
  -0.134 
   0.316 
  -0.170 
  -0.011 
   0.339 
   0.096 
  -0.054 
   1.499 
   0.234 
  -0.244 
   0.179 
  -0.041 
   0.750 
  -0.421 
   0.478 
   0.076 
   0.350 
  -0.182 
   0.326 
   0.543 
   0.110 
  -0.163 
  -0.045 
   0.103 
   0.426 
  -0.036 
   1.194 
  -0.017 
  -0.433 
  -0.133 
  -0.442 
   0.063 
  -0.014 
  -0.027 
  -0.316 
   0.191 
   0.019 
   0.076 
  -0.119 
  -0.229 
  -0.763 
