   0.051 
  -0.060 
   0.136 
  -0.064 
  -0.122 
  -0.029 
   0.006 
  -0.064 
  -0.171 
  -0.191 
  -0.121 
   0.093 
  -0.497 
   0.139 
   0.019 
  -0.479 
  -0.050 
   0.737 
   0.756 
   0.280 
  -0.041 
  -0.019 
  -0.028 
  -0.028 
   0.027 
   0.004 
   0.763 
   0.027 
  -0.071 
   0.051 
  -1.079 
   0.779 
  -0.076 
   0.258 
   0.814 
   0.033 
  -0.081 
   0.054 
  -0.062 
   0.224 
   0.034 
  -0.277 
  -0.538 
  -0.027 
   0.054 
  -0.036 
  -0.067 
   0.024 
  -0.919 
  -0.058 
  -0.198 
   0.015 
  -0.055 
  -0.982 
  -0.066 
   0.026 
  -0.058 
   0.218 
   0.012 
   0.096 
   2.533 
   0.002 
   0.037 
   0.220 
   0.019 
   0.248 
  -0.014 
   0.837 
   0.025 
   0.501 
   0.023 
  -0.064 
   0.018 
   0.032 
  -0.004 
  -0.290 
   0.033 
  -0.437 
  -0.118 
  -0.158 
   0.951 
   0.028 
   0.024 
  -0.076 
   0.027 
   0.095 
   0.292 
   1.045 
   0.100 
   1.206 
   1.789 
   0.006 
  -0.159 
   0.103 
   0.819 
   0.083 
  -0.113 
   0.107 
  -0.363 
  -0.391 
  -0.788 
  -0.130 
  -0.226 
   0.014 
  -0.003 
   0.098 
  -0.057 
   0.064 
  -0.112 
   0.063 
  -0.209 
   0.041 
   0.052 
   0.406 
   0.091 
   0.061 
  -0.452 
   0.017 
   0.057 
  -0.073 
   0.017 
   0.029 
  -0.091 
   0.034 
  -0.048 
   2.203 
   0.302 
   2.474 
  -0.349 
  -0.010 
  -0.054 
   0.018 
   0.034 
  -0.099 
  -0.842 
  -0.043 
   0.066 
   0.432 
   0.033 
  -0.020 
  -0.173 
   0.028 
  -0.012 
  -0.115 
   0.056 
   0.091 
  -0.085 
   0.217 
  -0.075 
  -0.013 
   0.093 
   0.256 
  -0.000 
  -0.058 
  -0.023 
   0.014 
   0.015 
  -0.346 
   2.399 
   0.184 
   0.231 
   0.711 
  -0.581 
   0.008 
   0.027 
   0.793 
  -0.155 
  -0.028 
  -0.368 
  -0.025 
  -0.024 
   0.023 
   0.063 
  -0.024 
  -0.056 
  -0.021 
  -0.120 
  -0.004 
  -0.052 
  -0.378 
   0.018 
  -0.070 
   0.016 
  -0.035 
   0.019 
  -0.051 
   0.039 
  -0.079 
  -0.051 
   0.023 
  -0.041 
   0.129 
   1.126 
  -0.011 
   0.670 
   0.224 
   0.048 
  -0.078 
   2.394 
  -0.042 
  -0.194 
   0.092 
   0.089 
  -0.164 
   0.068 
   0.064 
   0.020 
  -0.340 
  -0.436 
   0.008 
   0.026 
   0.029 
  -0.378 
   0.093 
   0.139 
  -0.179 
   0.243 
   0.283 
  -0.091 
   0.621 
  -0.004 
  -0.014 
  -0.071 
  -0.873 
   0.237 
  -0.162 
  -0.127 
   0.681 
   0.093 
  -0.120 
  -0.120 
  -0.031 
   0.019 
  -0.136 
  -0.076 
  -0.050 
  -0.052 
   0.254 
  -0.014 
   0.580 
   0.027 
  -0.065 
   0.812 
  -0.077 
  -0.829 
   0.381 
  -0.022 
  -0.055 
  -0.056 
  -0.469 
  -0.017 
  -0.060 
  -0.101 
  -0.067 
   0.069 
  -0.900 
   0.007 
  -0.066 
  -0.347 
  -0.206 
   0.263 
  -0.094 
   0.043 
  -0.048 
  -0.244 
   2.397 
   0.185 
  -0.378 
   0.023 
   0.147 
  -0.111 
   0.766 
   0.011 
  -0.406 
   1.535 
  -0.072 
  -0.108 
   0.019 
   0.094 
  -0.114 
   2.054 
   0.027 
  -0.054 
  -0.046 
  -0.056 
  -0.114 
   0.100 
   0.496 
  -0.143 
   2.163 
  -0.013 
  -0.006 
  -0.100 
   0.077 
  -0.286 
  -0.079 
   0.322 
   0.061 
  -0.052 
  -0.208 
   0.264 
   0.035 
  -0.104 
   0.236 
  -0.019 
  -0.070 
  -0.188 
  -0.210 
  -0.015 
  -0.051 
  -0.011 
  -0.017 
   0.029 
   0.033 
   0.093 
   0.988 
   0.014 
  -0.157 
  -0.078 
  -0.013 
   0.090 
   0.044 
  -0.025 
   0.105 
  -0.084 
   0.098 
   0.090 
  -0.102 
   0.076 
  -0.029 
   0.084 
   0.011 
  -0.833 
   0.271 
   0.799 
   0.017 
  -0.035 
   0.091 
   0.220 
  -0.095 
  -0.229 
  -0.028 
   0.028 
   0.649 
   0.221 
  -0.079 
   0.082 
  -0.050 
  -0.006 
   0.041 
   0.079 
  -0.026 
   2.198 
  -0.267 
   0.019 
  -0.114 
   0.077 
   0.669 
  -0.051 
  -0.022 
  -0.203 
   0.094 
  -0.087 
  -0.078 
  -0.051 
   0.022 
   2.021 
  -0.060 
   1.984 
  -0.254 
   0.015 
  -0.219 
  -0.096 
  -0.024 
   0.183 
   0.465 
  -0.153 
   2.197 
  -0.016 
   0.882 
   0.015 
   0.090 
   0.146 
  -0.019 
   0.291 
  -0.092 
  -0.000 
  -0.066 
   0.446 
  -0.113 
  -0.086 
  -0.069 
  -0.094 
  -0.043 
   0.701 
   0.087 
  -0.055 
  -0.047 
  -0.821 
  -0.095 
   0.032 
   0.120 
  -0.013 
   0.092 
  -0.063 
  -0.863 
  -0.281 
  -0.094 
   0.243 
  -0.746 
   0.033 
  -0.041 
   0.094 
  -0.121 
  -0.013 
   0.017 
  -0.222 
   0.024 
   0.093 
   0.029 
   0.031 
   0.284 
  -0.060 
   0.011 
   2.188 
  -0.033 
   0.567 
   0.179 
  -0.050 
  -0.072 
   0.055 
  -0.043 
  -0.021 
   0.031 
  -0.280 
  -0.007 
   0.252 
   0.030 
  -0.004 
   0.007 
  -0.417 
   0.015 
   0.332 
  -0.593 
   0.021 
   0.009 
  -0.020 
   2.175 
  -0.039 
   0.014 
  -0.107 
  -0.080 
   0.259 
  -0.017 
  -0.377 
  -0.842 
  -0.030 
   0.056 
   0.010 
  -0.305 
  -0.120 
   0.098 
   0.235 
   0.069 
   0.223 
   0.183 
  -0.134 
   0.021 
   0.090 
  -0.499 
  -0.079 
  -0.481 
   0.093 
   0.035 
   0.015 
  -0.130 
  -0.034 
  -0.040 
  -0.083 
   0.096 
   0.050 
  -0.079 
  -0.099 
   0.319 
  -0.010 
  -0.072 
  -0.797 
  -0.016 
   0.248 
   0.371 
   0.011 
  -0.066 
   0.096 
   0.051 
   0.225 
   0.034 
  -0.014 
  -0.090 
  -0.361 
   0.057 
  -0.624 
   0.086 
   0.017 
  -0.018 
   0.007 
  -0.045 
   0.062 
   0.017 
   0.036 
   0.265 
  -0.031 
   0.058 
  -0.001 
  -0.141 
  -0.016 
  -0.064 
   0.006 
   0.144 
  -0.141 
  -0.208 
   0.022 
  -0.384 
  -0.268 
   0.003 
   0.118 
  -0.095 
   0.841 
   0.196 
  -0.066 
  -0.437 
   0.043 
   0.065 
  -0.495 
  -0.170 
   0.110 
  -0.062 
  -0.109 
   0.016 
  -0.048 
  -0.018 
  -0.022 
  -0.079 
  -0.018 
   0.052 
  -0.260 
  -0.073 
   0.009 
   0.030 
   0.568 
   0.009 
   0.020 
  -0.229 
  -0.053 
  -0.141 
  -0.430 
  -0.565 
   0.021 
  -0.064 
   0.266 
  -0.108 
  -0.030 
  -0.548 
   0.039 
  -1.148 
   0.319 
  -0.218 
  -0.175 
   0.097 
   0.220 
  -0.015 
  -0.003 
  -0.049 
  -0.034 
  -0.152 
  -0.285 
  -0.398 
   0.013 
  -0.039 
   0.000 
   0.023 
  -0.070 
  -0.056 
  -0.000 
   0.190 
  -0.334 
  -0.065 
   0.317 
   0.332 
  -0.023 
  -0.035 
   0.095 
  -0.390 
   0.251 
   0.717 
  -0.036 
   0.659 
  -0.736 
   0.089 
  -0.424 
   0.263 
   0.073 
  -0.346 
  -0.131 
  -0.074 
   0.001 
  -0.118 
   0.290 
  -0.139 
   0.294 
   0.093 
   0.007 
   0.250 
   0.216 
   0.015 
  -0.111 
   0.167 
   0.135 
   0.095 
  -0.060 
  -0.178 
   0.527 
  -0.072 
   0.009 
  -0.057 
  -0.001 
   0.168 
   0.184 
  -0.114 
   0.150 
  -0.319 
   0.808 
   0.247 
   0.252 
  -0.019 
   0.031 
   0.182 
   0.041 
   0.093 
  -0.045 
  -0.151 
   0.311 
  -0.085 
   0.010 
   0.005 
   2.155 
  -0.482 
   0.440 
   0.009 
   0.196 
  -0.865 
  -0.445 
   0.663 
   0.086 
   0.057 
   0.310 
   2.403 
   0.039 
   0.020 
  -0.075 
  -0.002 
   0.024 
  -0.036 
   0.233 
   0.837 
   0.220 
  -0.014 
   0.105 
   0.095 
  -0.404 
   0.033 
   0.179 
   0.092 
  -0.086 
   0.042 
  -0.028 
   2.050 
   0.038 
   0.089 
  -0.008 
   1.479 
   0.254 
   0.014 
   0.031 
  -0.008 
   0.242 
   0.060 
  -0.436 
  -0.017 
   0.024 
  -0.570 
  -0.083 
  -0.149 
  -0.045 
  -1.454 
   0.013 
   0.068 
   0.175 
   0.003 
  -0.156 
   0.486 
   0.295 
  -0.003 
  -0.051 
  -0.085 
   2.069 
   0.083 
  -0.386 
   0.398 
  -0.034 
  -0.317 
   0.150 
   0.041 
  -0.403 
  -0.051 
  -0.005 
  -0.501 
  -0.604 
   0.296 
  -0.049 
   0.017 
   0.146 
   0.020 
  -0.118 
   0.195 
   0.236 
   0.022 
  -0.066 
  -0.075 
  -0.037 
  -0.272 
   0.674 
  -0.546 
  -0.308 
  -0.026 
  -0.034 
   1.457 
  -0.018 
  -0.161 
   0.156 
  -0.043 
  -0.277 
  -0.001 
  -0.052 
   0.118 
   0.011 
  -0.004 
   0.000 
   0.014 
  -0.535 
  -0.027 
  -0.069 
   0.292 
   0.862 
  -0.051 
   0.026 
   0.054 
  -0.022 
   0.058 
   0.047 
  -0.307 
   0.038 
  -0.026 
  -0.087 
  -0.819 
   0.020 
   0.062 
  -0.012 
   0.019 
  -0.114 
   0.088 
   0.008 
   0.001 
   2.418 
   0.220 
   0.018 
   0.006 
   0.087 
  -0.038 
  -0.025 
  -0.051 
   0.046 
  -0.576 
   0.215 
  -0.150 
   0.076 
   0.019 
   0.085 
   0.019 
  -0.156 
  -0.027 
   0.040 
  -0.031 
   0.033 
   0.734 
  -1.274 
   0.176 
  -0.127 
   0.093 
  -0.224 
   0.425 
   0.027 
  -0.067 
  -0.208 
  -0.083 
  -0.202 
  -0.004 
   0.354 
  -0.017 
  -0.033 
   0.009 
  -0.161 
  -0.639 
   0.365 
  -0.050 
  -1.174 
  -0.807 
   0.346 
  -0.026 
   1.002 
  -0.248 
   0.114 
   0.023 
  -0.037 
  -0.499 
   0.135 
  -0.014 
   2.368 
   0.157 
  -0.029 
  -0.042 
   0.447 
   0.157 
  -0.211 
   0.035 
   0.012 
  -0.010 
  -0.455 
   0.870 
   0.020 
  -0.117 
   0.319 
  -0.447 
  -1.106 
  -0.109 
  -0.248 
   0.032 
   0.010 
  -0.084 
  -0.063 
  -0.570 
   0.322 
   0.309 
  -0.003 
   0.993 
  -0.086 
  -0.158 
  -0.154 
   0.094 
  -0.062 
  -0.165 
  -0.001 
   0.388 
  -0.095 
  -0.040 
  -0.020 
  -0.319 
   0.612 
  -0.550 
  -0.152 
   0.229 
  -0.552 
   0.054 
   0.199 
   0.012 
   0.248 
  -0.044 
   0.034 
   0.039 
   0.026 
  -0.281 
  -0.509 
  -0.072 
  -0.049 
  -0.433 
  -0.086 
  -0.013 
   0.093 
   0.222 
  -0.012 
   0.024 
  -0.034 
  -0.064 
  -0.049 
  -0.011 
  -0.321 
   0.029 
   0.833 
   0.979 
  -0.040 
  -0.399 
   0.074 
  -1.314 
   0.857 
   0.492 
  -0.380 
   0.184 
   0.224 
   0.182 
   0.048 
   0.132 
  -0.593 
  -0.057 
   0.058 
   0.056 
  -0.085 
   0.015 
  -0.001 
  -0.206 
  -0.033 
  -0.046 
   0.149 
   0.613 
   0.056 
  -0.079 
  -0.046 
  -0.728 
  -0.075 
   0.006 
   0.042 
  -0.119 
   0.095 
   0.086 
   0.900 
   0.057 
   0.262 
  -0.047 
  -0.045 
   0.057 
   0.017 
   0.016 
  -0.067 
   0.090 
  -0.222 
  -0.008 
   0.305 
   0.043 
  -0.051 
   1.465 
   0.243 
  -0.003 
  -0.046 
  -0.033 
   0.697 
  -0.366 
   0.252 
   0.030 
   0.315 
  -0.128 
   0.567 
   0.317 
   0.095 
  -0.095 
  -0.037 
   0.087 
   0.392 
  -0.033 
   1.148 
   0.050 
  -0.192 
  -0.179 
  -0.201 
   0.017 
  -0.006 
  -0.019 
  -0.075 
   0.176 
   0.022 
   0.031 
  -0.135 
  -0.162 
  -0.708 
