example.csv
       1
       3
       1
      12      26      37      35      40      23      44      36      38      39      41      42      43
      44
       1
       1
       1
                     Cat02         Cat03         Cat04         Cat01         Cat11         Cat05         Cat12         Cat17         Cat07         Cat06         Cat15         Cat08         Cat16         Cat14         Cat13         Cat09         Cat29         Cat19         Cat10         Cat32         Cat42         Cat37         Cat20         Cat26         Cat30         Cat18         Cat36         Cat21         Cat31         Cat24         Cat25         Cat27         Cat35         Cat39         Cat40         Cat41         Cat38         Cat22         Cat43         Cat44         Cat23         Cat34         Cat33         Cat28
Exp            0.00000e+00   1.80000e+00   1.80000e+00   2.20000e+00   2.30000e+00   2.70000e+00   3.20000e+00   3.20000e+00   3.30000e+00   3.30000e+00   3.90000e+00   4.00000e+00   4.10000e+00   4.10000e+00   4.20000e+00   4.60000e+00   4.80000e+00   4.90000e+00   4.90000e+00   5.00000e+00   5.00000e+00   5.10000e+00   5.20000e+00   5.20000e+00   5.30000e+00   5.30000e+00   5.30000e+00   5.30000e+00   5.40000e+00   5.50000e+00   5.60000e+00   5.60000e+00   5.70000e+00   5.70000e+00   5.80000e+00   5.90000e+00   5.90000e+00   5.90000e+00   5.90000e+00   6.10000e+00   6.20000e+00   6.20000e+00   6.30000e+00   6.30000e+00
Desc1          6.19300e+01   6.22000e+01   6.37000e+01   6.45200e+01   6.34500e+01   6.45800e+01   6.36800e+01   6.45700e+01   6.49700e+01   6.49500e+01   6.50200e+01   6.64100e+01   6.53700e+01   6.57400e+01   6.49900e+01   6.71100e+01   6.66700e+01   6.54200e+01   6.72200e+01   6.70400e+01   6.58800e+01   6.70300e+01   6.70800e+01   6.66900e+01   6.68000e+01   6.65200e+01   6.63900e+01   6.66600e+01   6.65800e+01   6.64400e+01   6.70600e+01   6.67500e+01   6.67200e+01   6.68700e+01   6.68700e+01   6.69300e+01   6.69300e+01   6.68100e+01   6.69200e+01   6.65900e+01   6.68900e+01   6.69400e+01   6.74800e+01   6.62500e+01
  3.00  0.10   20.090   27.280   21.460   14.250   30.390   27.240   34.700   35.740   29.940   23.650   32.740   32.520   40.250   33.290   36.160   42.970   49.170   46.350   37.690   45.040   51.500   47.330   45.400   48.630   47.940   41.220   46.170   42.380   45.570   50.930   51.510   49.950   48.830   48.770   48.830   49.020   48.970   50.200   49.000   51.000   48.950   50.180   53.120   51.300
