  -0.079 
  -0.065 
  -0.027 
  -0.070 
   0.012 
   0.046 
   0.079 
  -0.042 
   0.001 
  -0.004 
  -0.085 
  -0.047 
   0.011 
   0.006 
   0.004 
   0.001 
  -0.017 
   0.006 
   0.020 
  -0.040 
   0.054 
  -0.049 
  -0.076 
  -0.015 
   0.009 
  -0.029 
  -0.036 
  -0.043 
  -0.042 
  -0.104 
  -0.059 
   0.008 
   0.006 
   0.007 
   0.007 
   0.019 
   0.088 
   0.033 
   0.093 
   0.058 
  -0.013 
   0.059 
   0.143 
  -0.074 
  -0.130 
  -0.071 
  -0.056 
  -0.046 
  -0.021 
  -0.024 
   0.006 
   0.162 
   0.042 
  -0.023 
  -0.131 
  -0.013 
  -0.027 
   0.022 
   0.040 
   0.038 
   0.039 
  -0.003 
  -0.007 
  -0.010 
  -0.088 
   0.073 
   0.063 
   0.205 
   0.028 
  -0.014 
  -0.042 
  -0.044 
   0.179 
  -0.006 
   0.001 
   0.045 
  -0.005 
   0.060 
   0.035 
   0.095 
   0.043 
   0.023 
  -0.033 
  -0.024 
  -0.007 
  -0.067 
   0.095 
  -0.071 
   0.049 
   0.066 
   0.049 
   0.026 
  -0.009 
  -0.094 
  -0.068 
  -0.079 
  -0.042 
  -0.028 
  -0.052 
  -0.043 
   0.044 
  -0.033 
   0.031 
  -0.033 
  -0.130 
   0.004 
  -0.021 
   0.041 
   0.008 
  -0.036 
  -0.003 
  -0.026 
   0.020 
   0.026 
   0.021 
  -0.029 
   0.126 
   0.042 
   0.206 
  -0.012 
  -0.030 
  -0.027 
  -0.029 
  -0.016 
   0.065 
   0.002 
   0.002 
   0.001 
   0.027 
   0.012 
   0.015 
  -0.009 
  -0.022 
  -0.060 
  -0.046 
   0.053 
   0.015 
  -0.063 
  -0.086 
  -0.081 
   0.052 
   0.061 
   0.052 
   0.064 
  -0.019 
  -0.079 
   0.018 
   0.004 
  -0.032 
   0.021 
  -0.025 
   0.025 
  -0.039 
   0.025 
  -0.049 
   0.125 
   0.007 
   0.118 
   0.052 
   0.095 
   0.085 
   0.168 
  -0.073 
  -0.061 
   0.057 
   0.038 
   0.042 
   0.041 
   0.041 
   0.017 
   0.122 
   0.067 
   0.086 
  -0.013 
  -0.069 
   0.070 
  -0.077 
   0.214 
   0.086 
  -0.015 
   0.114 
  -0.039 
  -0.042 
   0.034 
   0.012 
   0.010 
   0.100 
   0.008 
   0.045 
   0.019 
   0.052 
  -0.066 
  -0.052 
  -0.033 
   0.139 
  -0.001 
  -0.059 
  -0.058 
  -0.072 
  -0.075 
  -0.024 
   0.076 
  -0.043 
   0.021 
  -0.010 
  -0.011 
  -0.010 
  -0.012 
   0.017 
  -0.002 
   0.092 
   0.025 
  -0.006 
   0.043 
  -0.022 
   0.047 
  -0.065 
  -0.061 
   0.057 
   0.019 
  -0.048 
  -0.030 
   0.098 
  -0.078 
  -0.018 
   0.222 
   0.153 
  -0.025 
   0.003 
   0.007 
   0.005 
   0.006 
   0.048 
   0.048 
   0.047 
   0.048 
   0.033 
   0.029 
   0.022 
   0.036 
   0.094 
  -0.033 
  -0.082 
  -0.006 
  -0.080 
  -0.069 
  -0.054 
  -0.023 
   0.180 
   0.101 
   0.032 
   0.030 
   0.035 
   0.016 
  -0.045 
  -0.048 
   0.041 
   0.041 
   0.003 
   0.005 
   0.132 
   0.040 
   0.075 
   0.046 
   0.044 
   0.040 
   0.090 
   0.132 
   0.041 
   0.004 
   0.002 
   0.016 
   0.010 
   0.098 
   0.100 
   0.065 
   0.063 
   0.035 
   0.016 
   0.019 
   0.002 
   0.189 
   0.020 
   0.089 
   0.007 
   0.013 
   0.013 
   0.022 
  -0.029 
   0.044 
   0.143 
  -0.002 
  -0.076 
   0.051 
  -0.038 
   0.014 
   0.021 
   0.017 
   0.022 
   0.017 
  -0.038 
  -0.024 
  -0.007 
  -0.003 
   0.078 
   0.048 
   0.056 
   0.003 
  -0.067 
   0.058 
  -0.036 
   0.085 
   0.004 
   0.043 
  -0.030 
   0.007 
   0.089 
  -0.051 
   0.006 
  -0.048 
  -0.001 
  -0.039 
   0.183 
   0.000 
   0.036 
   0.054 
   0.088 
   0.037 
   0.048 
   0.048 
   0.039 
   0.058 
  -0.045 
  -0.007 
   0.004 
   0.005 
  -0.073 
  -0.024 
  -0.101 
  -0.024 
  -0.086 
  -0.012 
  -0.030 
   0.008 
   0.073 
  -0.031 
  -0.147 
   0.099 
  -0.037 
   0.028 
  -0.030 
  -0.039 
  -0.024 
  -0.022 
   0.029 
  -0.023 
  -0.136 
   0.043 
   0.011 
  -0.017 
  -0.041 
  -0.004 
  -0.022 
  -0.098 
   0.101 
  -0.098 
  -0.002 
   0.003 
   0.002 
   0.019 
  -0.022 
  -0.071 
  -0.061 
  -0.055 
  -0.034 
   0.033 
   0.021 
   0.015 
  -0.051 
  -0.048 
  -0.066 
  -0.051 
   0.011 
   0.023 
   0.011 
   0.014 
  -0.013 
  -0.003 
   0.003 
  -0.000 
   0.039 
   0.032 
   0.008 
   0.020 
  -0.057 
  -0.008 
  -0.061 
  -0.096 
  -0.010 
  -0.010 
  -0.009 
  -0.008 
  -0.015 
   0.006 
   0.017 
  -0.019 
  -0.008 
   0.002 
  -0.008 
  -0.010 
   0.052 
   0.026 
   0.014 
   0.027 
  -0.020 
  -0.016 
  -0.130 
  -0.016 
  -0.029 
  -0.070 
   0.074 
  -0.001 
   0.018 
   0.029 
  -0.006 
   0.032 
  -0.020 
  -0.038 
   0.077 
  -0.014 
  -0.015 
  -0.003 
   0.031 
   0.036 
   0.002 
  -0.001 
  -0.002 
  -0.005 
  -0.037 
  -0.058 
  -0.064 
  -0.048 
   0.054 
   0.077 
   0.179 
   0.020 
   0.027 
   0.056 
   0.040 
   0.003 
  -0.023 
  -0.084 
  -0.004 
  -0.032 
  -0.075 
   0.045 
   0.027 
  -0.113 
   0.024 
   0.086 
  -0.059 
  -0.088 
  -0.123 
   0.046 
   0.058 
   0.029 
  -0.056 
  -0.049 
  -0.001 
   0.013 
   0.007 
  -0.052 
   0.066 
  -0.059 
   0.059 
   0.078 
  -0.040 
  -0.133 
  -0.071 
  -0.071 
   0.006 
   0.006 
   0.014 
   0.010 
  -0.089 
   0.018 
   0.091 
   0.133 
  -0.024 
  -0.020 
  -0.026 
  -0.026 
  -0.029 
   0.210 
   0.216 
   0.059 
  -0.071 
  -0.032 
  -0.081 
  -0.092 
  -0.029 
  -0.099 
  -0.064 
  -0.030 
  -0.116 
  -0.113 
   0.014 
   0.000 
   0.002 
  -0.057 
  -0.025 
  -0.049 
   0.014 
  -0.008 
   0.014 
   0.031 
   0.069 
   0.085 
   0.071 
   0.074 
   0.198 
   0.013 
   0.134 
  -0.058 
   0.071 
   0.014 
  -0.012 
   0.065 
   0.062 
  -0.089 
  -0.011 
  -0.035 
  -0.073 
  -0.117 
   0.144 
  -0.046 
  -0.079 
   0.047 
   0.079 
   0.047 
   0.041 
   0.000 
  -0.007 
   0.047 
   0.141 
   0.033 
   0.002 
  -0.013 
   0.004 
  -0.042 
   0.084 
  -0.028 
  -0.001 
   0.028 
  -0.145 
  -0.031 
  -0.065 
  -0.042 
  -0.061 
  -0.098 
  -0.144 
  -0.003 
  -0.003 
   0.143 
  -0.000 
   0.154 
   0.049 
   0.032 
   0.031 
   0.014 
   0.034 
   0.075 
   0.004 
   0.008 
  -0.033 
   0.020 
   0.043 
   0.041 
   0.017 
  -0.107 
  -0.013 
  -0.026 
   0.002 
  -0.055 
   0.022 
  -0.055 
  -0.037 
  -0.015 
  -0.011 
  -0.012 
  -0.011 
  -0.004 
   0.008 
   0.012 
   0.008 
  -0.000 
   0.006 
   0.016 
   0.002 
  -0.001 
  -0.003 
  -0.005 
   0.036 
  -0.049 
  -0.011 
  -0.049 
  -0.044 
   0.024 
   0.025 
   0.042 
   0.025 
  -0.051 
   0.139 
   0.163 
   0.116 
  -0.051 
  -0.002 
   0.031 
   0.040 
   0.043 
  -0.033 
   0.068 
   0.012 
   0.001 
   0.038 
   0.019 
   0.008 
   0.015 
   0.015 
   0.002 
   0.006 
   0.007 
   0.002 
  -0.009 
  -0.013 
   0.022 
  -0.007 
   0.033 
   0.027 
   0.045 
   0.046 
   0.097 
   0.012 
   0.013 
   0.022 
   0.020 
  -0.002 
   0.002 
  -0.018 
   0.098 
   0.015 
   0.019 
   0.032 
  -0.120 
   0.093 
   0.090 
   0.061 
   0.022 
  -0.067 
   0.080 
  -0.043 
  -0.034 
  -0.005 
   0.010 
  -0.066 
  -0.029 
  -0.007 
  -0.036 
   0.008 
   0.014 
   0.005 
   0.016 
   0.002 
   0.028 
   0.080 
  -0.002 
   0.059 
  -0.028 
  -0.025 
  -0.029 
  -0.026 
  -0.031 
  -0.029 
   0.247 
   0.217 
  -0.032 
   0.020 
   0.177 
  -0.010 
   0.091 
   0.105 
   0.080 
   0.044 
  -0.003 
  -0.037 
   0.001 
  -0.015 
   0.020 
   0.016 
  -0.011 
  -0.007 
   0.038 
   0.030 
   0.051 
   0.055 
  -0.151 
  -0.123 
  -0.045 
  -0.038 
  -0.007 
   0.023 
   0.052 
  -0.008 
  -0.014 
  -0.120 
  -0.145 
  -0.091 
  -0.002 
  -0.039 
   0.003 
  -0.013 
   0.008 
   0.010 
   0.011 
   0.013 
   0.012 
  -0.003 
   0.003 
   0.002 
  -0.020 
   0.018 
   0.120 
  -0.011 
   0.016 
   0.016 
   0.071 
   0.054 
  -0.025 
  -0.004 
  -0.091 
  -0.008 
   0.137 
  -0.067 
  -0.066 
   0.058 
   0.053 
   0.043 
   0.063 
  -0.013 
   0.002 
  -0.022 
   0.007 
  -0.084 
  -0.011 
  -0.004 
  -0.003 
   0.014 
   0.006 
  -0.048 
  -0.040 
   0.143 
  -0.043 
  -0.024 
  -0.026 
  -0.105 
  -0.040 
  -0.121 
  -0.066 
  -0.054 
  -0.098 
   0.037 
  -0.044 
  -0.012 
  -0.016 
  -0.019 
  -0.026 
  -0.048 
  -0.035 
   0.054 
  -0.037 
  -0.035 
  -0.061 
  -0.022 
  -0.029 
   0.123 
  -0.097 
  -0.064 
   0.043 
  -0.048 
   0.061 
  -0.025 
   0.043 
  -0.002 
   0.060 
   0.018 
   0.018 
  -0.070 
  -0.033 
  -0.157 
   0.024 
   0.082 
  -0.051 
   0.024 
   0.098 
  -0.069 
  -0.070 
  -0.097 
  -0.039 
   0.085 
  -0.013 
   0.241 
   0.100 
  -0.116 
  -0.071 
  -0.114 
   0.019 
  -0.039 
  -0.126 
   0.038 
  -0.049 
  -0.023 
   0.057 
   0.069 
   0.058 
   0.018 
   0.039 
  -0.006 
   0.086 
  -0.028 
   0.016 
   0.029 
   0.014 
  -0.016 
  -0.067 
  -0.067 
  -0.027 
  -0.003 
   0.252 
  -0.009 
   0.016 
  -0.039 
   0.135 
  -0.065 
   0.038 
   0.007 
  -0.020 
   0.007 
  -0.033 
  -0.026 
  -0.059 
   0.005 
   0.011 
   0.009 
   0.084 
   0.085 
   0.086 
   0.027 
   0.027 
   0.096 
   0.055 
   0.017 
   0.015 
   0.007 
   0.017 
  -0.056 
   0.108 
   0.004 
  -0.012 
  -0.061 
   0.023 
  -0.002 
   0.032 
  -0.001 
   0.044 
  -0.003 
   0.067 
   0.080 
  -0.026 
   0.066 
   0.097 
   0.017 
  -0.009 
   0.012 
   0.034 
  -0.091 
  -0.030 
   0.129 
  -0.015 
  -0.028 
   0.015 
   0.037 
  -0.036 
  -0.067 
  -0.039 
  -0.060 
   0.042 
  -0.044 
  -0.070 
   0.056 
   0.026 
   0.012 
  -0.001 
  -0.025 
  -0.075 
  -0.042 
  -0.113 
  -0.061 
   0.010 
   0.039 
   0.025 
  -0.011 
   0.244 
   0.034 
   0.154 
   0.017 
   0.025 
   0.033 
   0.027 
   0.025 
   0.076 
  -0.054 
  -0.147 
  -0.090 
   0.004 
   0.047 
   0.016 
   0.024 
  -0.007 
  -0.015 
   0.033 
   0.141 
   0.042 
   0.041 
   0.058 
   0.042 
   0.020 
   0.067 
   0.029 
   0.021 
   0.000 
   0.048 
   0.001 
  -0.001 
   0.065 
   0.055 
   0.007 
  -0.050 
  -0.005 
  -0.017 
  -0.009 
  -0.017 
   0.085 
  -0.010 
   0.184 
   0.025 
   0.007 
  -0.001 
   0.030 
  -0.113 
  -0.098 
   0.006 
   0.054 
   0.025 
   0.033 
   0.034 
  -0.041 
   0.055 
  -0.010 
   0.052 
   0.001 
  -0.080 
  -0.131 
   0.022 
  -0.002 
  -0.000 
  -0.034 
  -0.036 
  -0.030 
   0.045 
  -0.055 
  -0.067 
   0.036 
   0.033 
   0.027 
  -0.016 
   0.039 
   0.221 
  -0.006 
  -0.016 
   0.107 
  -0.047 
  -0.050 
  -0.042 
   0.017 
   0.035 
   0.040 
   0.069 
  -0.019 
   0.027 
   0.008 
   0.038 
   0.009 
   0.040 
  -0.086 
   0.087 
  -0.091 
  -0.033 
  -0.013 
   0.013 
   0.016 
   0.050 
   0.053 
   0.052 
   0.052 
  -0.037 
   0.044 
   0.032 
  -0.023 
  -0.031 
  -0.126 
  -0.029 
  -0.051 
   0.012 
   0.010 
  -0.087 
  -0.046 
  -0.138 
   0.011 
  -0.036 
   0.056 
  -0.082 
  -0.027 
   0.078 
   0.127 
   0.069 
  -0.137 
   0.038 
  -0.062 
   0.058 
   0.133 
  -0.038 
   0.019 
   0.055 
   0.114 
   0.020 
   0.003 
  -0.022 
   0.007 
  -0.011 
  -0.097 
   0.111 
  -0.092 
   0.080 
   0.035 
  -0.050 
   0.001 
   0.004 
  -0.050 
  -0.028 
  -0.030 
  -0.024 
   0.067 
   0.045 
   0.091 
   0.036 
   0.015 
  -0.001 
   0.021 
   0.102 
  -0.001 
  -0.025 
  -0.014 
  -0.045 
   0.036 
   0.224 
  -0.025 
  -0.008 
  -0.016 
  -0.004 
  -0.007 
   0.012 
   0.037 
   0.008 
  -0.044 
  -0.016 
  -0.004 
   0.011 
  -0.073 
  -0.153 
   0.171 
  -0.084 
  -0.088 
   0.017 
  -0.006 
  -0.033 
   0.050 
   0.028 
   0.033 
   0.060 
   0.019 
   0.039 
   0.021 
  -0.085 
   0.021 
   0.014 
   0.067 
   0.039 
   0.029 
  -0.111 
  -0.004 
   0.057 
   0.062 
   0.055 
   0.053 
   0.018 
   0.251 
   0.012 
  -0.043 
   0.039 
  -0.041 
  -0.057 
  -0.103 
   0.055 
  -0.022 
  -0.018 
   0.071 
   0.032 
   0.029 
  -0.028 
  -0.101 
   0.001 
  -0.016 
   0.009 
   0.018 
   0.233 
  -0.052 
  -0.053 
   0.045 
   0.057 
  -0.013 
   0.081 
  -0.021 
   0.018 
   0.004 
   0.014 
   0.018 
  -0.020 
  -0.027 
  -0.035 
  -0.041 
   0.029 
  -0.001 
   0.010 
   0.012 
   0.004 
   0.007 
   0.011 
   0.019 
  -0.077 
  -0.066 
  -0.062 
  -0.063 
  -0.042 
  -0.020 
  -0.027 
   0.041 
  -0.048 
  -0.025 
   0.112 
   0.169 
   0.044 
   0.041 
   0.044 
   0.044 
   0.150 
   0.230 
   0.046 
  -0.059 
  -0.080 
  -0.039 
  -0.057 
   0.046 
  -0.014 
  -0.022 
   0.000 
   0.099 
   0.076 
   0.060 
  -0.036 
  -0.035 
  -0.028 
   0.043 
   0.021 
   0.001 
   0.021 
   0.010 
   0.019 
   0.032 
   0.022 
   0.022 
  -0.060 
  -0.100 
  -0.022 
  -0.013 
  -0.002 
  -0.024 
   0.017 
  -0.005 
   0.023 
   0.027 
   0.030 
  -0.007 
  -0.005 
  -0.000 
  -0.007 
   0.015 
   0.115 
   0.039 
   0.075 
   0.016 
   0.079 
  -0.091 
   0.020 
  -0.054 
  -0.096 
  -0.058 
   0.081 
   0.016 
   0.022 
   0.022 
   0.019 
   0.030 
   0.022 
   0.043 
   0.037 
   0.111 
   0.036 
  -0.022 
   0.025 
   0.034 
  -0.081 
   0.075 
   0.070 
  -0.133 
  -0.027 
  -0.068 
   0.174 
  -0.040 
  -0.039 
  -0.033 
  -0.126 
  -0.066 
   0.048 
  -0.027 
   0.026 
   0.014 
   0.026 
   0.069 
  -0.040 
   0.044 
  -0.070 
  -0.008 
   0.007 
   0.004 
   0.010 
   0.002 
   0.003 
  -0.006 
  -0.000 
   0.010 
  -0.008 
   0.006 
  -0.039 
   0.015 
  -0.073 
  -0.075 
  -0.057 
  -0.001 
   0.091 
  -0.054 
   0.005 
   0.035 
  -0.039 
  -0.039 
   0.034 
  -0.038 
   0.032 
   0.035 
   0.031 
   0.036 
  -0.006 
   0.023 
   0.012 
   0.162 
   0.012 
  -0.000 
   0.010 
   0.001 
  -0.100 
  -0.095 
   0.030 
   0.010 
   0.001 
   0.018 
  -0.003 
   0.016 
   0.014 
   0.009 
   0.003 
   0.073 
  -0.031 
  -0.014 
   0.015 
  -0.026 
  -0.016 
  -0.008 
  -0.002 
  -0.055 
  -0.004 
  -0.072 
  -0.062 
  -0.066 
  -0.020 
  -0.043 
  -0.073 
  -0.025 
  -0.026 
   0.015 
   0.006 
   0.000 
  -0.051 
   0.073 
   0.065 
   0.064 
  -0.030 
   0.039 
  -0.005 
   0.052 
   0.038 
  -0.026 
   0.101 
   0.032 
   0.154 
   0.235 
   0.116 
  -0.015 
   0.073 
   0.052 
  -0.068 
   0.030 
   0.046 
   0.017 
  -0.054 
   0.026 
   0.033 
   0.014 
   0.007 
   0.051 
   0.029 
  -0.004 
  -0.015 
   0.050 
   0.034 
   0.041 
   0.049 
   0.037 
   0.037 
   0.003 
   0.002 
   0.030 
   0.003 
   0.101 
   0.081 
   0.031 
   0.062 
   0.020 
   0.019 
   0.021 
   0.025 
  -0.001 
  -0.001 
  -0.048 
  -0.000 
   0.045 
   0.019 
   0.001 
   0.058 
   0.023 
   0.024 
   0.024 
   0.024 
  -0.012 
  -0.019 
  -0.014 
  -0.021 
  -0.073 
   0.059 
  -0.070 
  -0.075 
   0.058 
  -0.063 
   0.094 
   0.030 
  -0.002 
   0.010 
   0.002 
   0.015 
  -0.069 
  -0.069 
  -0.067 
   0.142 
  -0.075 
  -0.033 
   0.061 
  -0.015 
  -0.009 
   0.002 
  -0.048 
  -0.107 
   0.027 
   0.051 
   0.004 
   0.041 
   0.041 
  -0.131 
  -0.127 
  -0.091 
   0.002 
  -0.027 
  -0.034 
   0.024 
  -0.057 
   0.034 
  -0.016 
  -0.046 
  -0.003 
  -0.029 
   0.006 
   0.003 
   0.017 
   0.030 
   0.034 
   0.057 
  -0.027 
  -0.029 
  -0.037 
  -0.040 
  -0.006 
   0.034 
   0.076 
  -0.002 
   0.056 
   0.059 
   0.060 
   0.047 
   0.032 
  -0.034 
   0.039 
   0.040 
  -0.125 
  -0.100 
   0.017 
   0.020 
   0.033 
   0.096 
   0.014 
  -0.089 
  -0.021 
  -0.069 
   0.007 
   0.016 
  -0.014 
   0.004 
   0.056 
   0.020 
  -0.011 
   0.016 
   0.031 
   0.044 
   0.082 
   0.037 
   0.096 
   0.026 
   0.040 
   0.048 
   0.013 
   0.091 
   0.041 
  -0.001 
   0.046 
   0.009 
   0.037 
  -0.045 
  -0.091 
  -0.008 
   0.003 
   0.022 
  -0.008 
   0.014 
   0.003 
  -0.005 
   0.016 
   0.023 
   0.023 
   0.035 
   0.025 
  -0.001 
  -0.006 
   0.003 
  -0.004 
  -0.030 
  -0.008 
  -0.013 
   0.158 
   0.152 
   0.008 
   0.112 
  -0.069 
   0.003 
   0.007 
   0.007 
  -0.012 
   0.028 
   0.011 
   0.010 
   0.030 
  -0.094 
  -0.078 
  -0.039 
  -0.044 
   0.046 
  -0.014 
   0.049 
   0.018 
  -0.004 
  -0.000 
   0.002 
  -0.005 
  -0.021 
   0.114 
   0.217 
   0.002 
   0.037 
   0.067 
  -0.038 
   0.050 
   0.037 
  -0.027 
   0.121 
   0.191 
  -0.053 
  -0.052 
  -0.039 
  -0.040 
  -0.099 
  -0.022 
   0.055 
  -0.019 
  -0.013 
  -0.005 
   0.052 
   0.010 
  -0.099 
  -0.083 
  -0.067 
  -0.017 
   0.033 
   0.031 
   0.017 
   0.020 
   0.073 
  -0.007 
   0.039 
   0.015 
  -0.050 
  -0.031 
  -0.035 
  -0.032 
   0.197 
  -0.000 
  -0.011 
   0.011 
   0.071 
   0.020 
   0.048 
   0.010 
  -0.005 
  -0.053 
  -0.070 
   0.011 
  -0.049 
  -0.136 
   0.017 
  -0.110 
   0.014 
  -0.003 
   0.001 
   0.065 
  -0.027 
  -0.048 
  -0.019 
  -0.116 
   0.137 
  -0.035 
   0.112 
   0.199 
  -0.006 
   0.019 
   0.015 
   0.024 
   0.034 
   0.023 
   0.038 
   0.024 
   0.016 
   0.041 
   0.081 
   0.106 
  -0.007 
   0.018 
  -0.038 
  -0.039 
  -0.054 
  -0.068 
  -0.091 
   0.024 
  -0.068 
   0.015 
  -0.067 
   0.032 
   0.015 
   0.051 
   0.029 
  -0.083 
   0.032 
   0.032 
   0.016 
  -0.010 
   0.055 
   0.031 
   0.128 
  -0.002 
  -0.036 
  -0.058 
   0.007 
   0.013 
   0.010 
   0.118 
   0.119 
   0.029 
  -0.039 
  -0.077 
   0.020 
   0.016 
   0.020 
   0.043 
   0.084 
   0.105 
   0.064 
   0.031 
   0.085 
   0.078 
   0.034 
  -0.004 
  -0.083 
   0.052 
   0.178 
  -0.017 
  -0.006 
  -0.002 
   0.219 
   0.010 
   0.020 
   0.025 
   0.026 
  -0.098 
   0.021 
   0.019 
   0.012 
   0.103 
   0.047 
  -0.058 
  -0.055 
  -0.061 
  -0.057 
   0.087 
   0.011 
   0.029 
   0.079 
  -0.081 
  -0.093 
   0.046 
   0.130 
   0.054 
   0.062 
  -0.049 
  -0.112 
   0.035 
   0.019 
   0.027 
   0.014 
   0.041 
   0.029 
   0.029 
   0.062 
   0.217 
  -0.015 
   0.052 
  -0.019 
  -0.052 
   0.189 
  -0.056 
   0.018 
  -0.017 
   0.014 
  -0.021 
  -0.009 
   0.043 
  -0.010 
   0.000 
   0.048 
  -0.009 
  -0.001 
  -0.017 
  -0.004 
  -0.001 
   0.060 
   0.040 
   0.113 
  -0.003 
   0.021 
   0.000 
  -0.024 
   0.114 
   0.194 
   0.019 
   0.060 
  -0.079 
  -0.131 
   0.001 
   0.021 
   0.014 
   0.022 
  -0.018 
  -0.003 
  -0.078 
   0.067 
   0.013 
  -0.006 
   0.019 
   0.012 
   0.048 
  -0.008 
  -0.102 
  -0.067 
  -0.047 
   0.017 
  -0.025 
   0.138 
   0.059 
   0.197 
  -0.035 
  -0.067 
   0.005 
  -0.096 
  -0.019 
   0.028 
  -0.035 
   0.044 
  -0.092 
   0.025 
   0.033 
  -0.034 
   0.017 
   0.018 
  -0.001 
   0.022 
  -0.096 
   0.041 
   0.044 
   0.029 
   0.011 
   0.006 
   0.016 
  -0.014 
  -0.060 
  -0.047 
  -0.043 
  -0.049 
   0.047 
   0.068 
   0.028 
  -0.066 
  -0.115 
   0.014 
   0.025 
  -0.042 
  -0.035 
  -0.036 
  -0.024 
   0.020 
  -0.036 
  -0.037 
   0.012 
  -0.033 
  -0.139 
  -0.044 
  -0.008 
  -0.010 
  -0.051 
  -0.053 
  -0.018 
  -0.053 
  -0.070 
  -0.019 
  -0.014 
  -0.013 
   0.005 
   0.006 
  -0.040 
   0.025 
   0.005 
  -0.056 
  -0.145 
  -0.074 
  -0.033 
  -0.084 
  -0.074 
  -0.050 
  -0.022 
   0.002 
   0.031 
  -0.060 
  -0.042 
  -0.065 
  -0.088 
  -0.011 
   0.057 
   0.036 
   0.142 
   0.183 
   0.086 
   0.016 
   0.017 
  -0.012 
   0.001 
  -0.011 
  -0.155 
  -0.034 
   0.006 
  -0.034 
   0.052 
  -0.030 
  -0.037 
  -0.029 
  -0.028 
   0.190 
   0.076 
  -0.009 
  -0.022 
  -0.051 
  -0.023 
  -0.042 
  -0.004 
  -0.046 
  -0.015 
   0.006 
  -0.013 
   0.001 
  -0.005 
  -0.028 
   0.114 
   0.021 
   0.118 
   0.047 
  -0.065 
  -0.073 
   0.036 
   0.034 
  -0.030 
   0.024 
   0.064 
   0.033 
   0.017 
   0.013 
   0.032 
   0.025 
   0.030 
  -0.132 
  -0.049 
  -0.054 
  -0.000 
  -0.149 
   0.021 
   0.031 
   0.029 
   0.029 
  -0.023 
   0.037 
  -0.000 
  -0.015 
  -0.046 
  -0.043 
  -0.044 
  -0.055 
  -0.037 
  -0.027 
  -0.032 
  -0.040 
  -0.042 
  -0.046 
  -0.040 
   0.001 
  -0.033 
   0.024 
  -0.033 
  -0.032 
   0.102 
   0.066 
   0.109 
   0.087 
   0.032 
   0.006 
   0.027 
   0.040 
   0.070 
  -0.022 
  -0.019 
   0.049 
  -0.044 
  -0.024 
  -0.042 
  -0.044 
  -0.050 
   0.011 
  -0.019 
  -0.021 
   0.098 
  -0.012 
  -0.006 
   0.077 
  -0.017 
  -0.012 
  -0.050 
  -0.025 
  -0.009 
   0.152 
  -0.012 
   0.077 
   0.014 
   0.003 
   0.034 
   0.019 
   0.151 
  -0.075 
   0.091 
   0.010 
   0.007 
  -0.129 
   0.037 
   0.011 
   0.029 
   0.011 
   0.023 
  -0.005 
   0.004 
  -0.006 
  -0.013 
   0.010 
  -0.013 
   0.009 
  -0.001 
   0.063 
  -0.122 
  -0.117 
  -0.077 
   0.093 
   0.095 
   0.160 
   0.025 
   0.018 
   0.020 
   0.030 
  -0.020 
  -0.035 
   0.073 
   0.111 
   0.033 
   0.028 
   0.023 
   0.005 
   0.116 
  -0.031 
  -0.041 
   0.018 
  -0.056 
  -0.058 
  -0.096 
  -0.087 
   0.041 
   0.057 
   0.056 
   0.058 
   0.051 
   0.067 
   0.057 
   0.050 
  -0.027 
  -0.035 
  -0.038 
  -0.023 
  -0.004 
   0.027 
  -0.005 
   0.001 
  -0.018 
  -0.038 
  -0.007 
  -0.032 
   0.020 
   0.041 
   0.036 
   0.021 
   0.000 
  -0.083 
  -0.049 
   0.151 
  -0.006 
  -0.006 
  -0.017 
  -0.015 
  -0.006 
  -0.088 
  -0.001 
  -0.039 
   0.213 
  -0.003 
   0.143 
   0.048 
  -0.019 
  -0.015 
  -0.021 
   0.040 
   0.125 
   0.135 
   0.126 
   0.131 
   0.024 
   0.202 
   0.071 
  -0.049 
  -0.003 
   0.050 
  -0.027 
  -0.011 
  -0.084 
  -0.055 
   0.031 
   0.036 
  -0.008 
   0.140 
   0.130 
  -0.000 
  -0.003 
  -0.011 
  -0.032 
  -0.013 
   0.001 
   0.045 
   0.024 
  -0.046 
   0.164 
   0.030 
  -0.152 
  -0.002 
  -0.048 
   0.017 
  -0.007 
   0.055 
  -0.001 
   0.018 
   0.024 
  -0.104 
   0.026 
  -0.155 
   0.037 
   0.039 
   0.034 
   0.082 
   0.043 
   0.004 
  -0.107 
  -0.021 
  -0.022 
  -0.008 
  -0.022 
  -0.076 
  -0.047 
   0.004 
  -0.031 
   0.148 
  -0.039 
  -0.016 
  -0.027 
   0.001 
   0.010 
   0.009 
   0.021 
   0.009 
   0.011 
   0.002 
   0.048 
   0.012 
  -0.001 
   0.208 
   0.002 
   0.103 
  -0.047 
   0.094 
   0.037 
  -0.054 
  -0.092 
  -0.069 
  -0.102 
  -0.056 
  -0.006 
  -0.091 
   0.179 
  -0.045 
   0.052 
   0.032 
   0.028 
   0.030 
   0.008 
  -0.059 
  -0.051 
  -0.089 
  -0.054 
  -0.037 
  -0.093 
  -0.144 
  -0.015 
  -0.075 
  -0.002 
   0.041 
   0.020 
  -0.152 
   0.173 
   0.012 
   0.100 
   0.018 
  -0.002 
   0.095 
  -0.020 
   0.177 
  -0.019 
  -0.022 
   0.002 
   0.024 
   0.006 
   0.005 
  -0.002 
   0.035 
   0.022 
   0.008 
   0.021 
   0.045 
   0.017 
   0.025 
   0.028 
   0.002 
   0.203 
   0.009 
  -0.036 
  -0.036 
   0.037 
   0.046 
  -0.017 
   0.029 
  -0.003 
   0.006 
   0.017 
   0.031 
  -0.104 
   0.022 
   0.030 
   0.011 
  -0.016 
   0.031 
   0.101 
   0.023 
   0.097 
   0.019 
   0.027 
   0.023 
  -0.028 
  -0.005 
   0.003 
  -0.029 
   0.092 
   0.091 
   0.087 
  -0.079 
  -0.039 
  -0.081 
   0.223 
   0.004 
   0.092 
   0.011 
   0.021 
  -0.003 
   0.040 
   0.072 
   0.026 
   0.110 
   0.047 
   0.046 
   0.032 
  -0.118 
  -0.070 
   0.041 
   0.039 
  -0.031 
  -0.055 
  -0.054 
  -0.038 
  -0.000 
   0.015 
   0.029 
  -0.024 
  -0.015 
   0.038 
   0.008 
   0.020 
   0.133 
  -0.044 
   0.131 
   0.126 
   0.053 
   0.041 
   0.019 
   0.002 
  -0.080 
   0.154 
  -0.050 
   0.039 
  -0.061 
  -0.063 
  -0.012 
  -0.054 
  -0.010 
  -0.001 
  -0.042 
  -0.051 
   0.163 
   0.014 
  -0.002 
   0.014 
  -0.023 
   0.009 
  -0.025 
  -0.040 
  -0.034 
   0.008 
   0.062 
   0.043 
  -0.072 
  -0.040 
  -0.031 
  -0.029 
   0.239 
   0.013 
   0.024 
   0.092 
  -0.010 
   0.071 
   0.023 
   0.052 
  -0.097 
  -0.120 
  -0.049 
   0.009 
  -0.037 
   0.001 
   0.065 
  -0.005 
   0.013 
   0.016 
   0.089 
  -0.005 
   0.006 
  -0.024 
  -0.033 
  -0.019 
  -0.022 
  -0.035 
   0.005 
   0.004 
  -0.034 
  -0.017 
   0.252 
   0.109 
  -0.036 
  -0.026 
  -0.011 
  -0.036 
   0.019 
  -0.023 
  -0.052 
  -0.023 
  -0.008 
   0.027 
   0.001 
   0.042 
   0.072 
   0.026 
   0.045 
   0.010 
  -0.003 
  -0.001 
   0.236 
   0.228 
   0.042 
  -0.022 
   0.145 
  -0.041 
  -0.028 
  -0.028 
  -0.040 
  -0.003 
  -0.006 
  -0.064 
   0.003 
  -0.031 
  -0.021 
  -0.061 
  -0.036 
  -0.010 
  -0.047 
  -0.051 
  -0.033 
   0.119 
   0.027 
   0.006 
   0.123 
  -0.048 
  -0.061 
  -0.026 
   0.172 
  -0.013 
   0.026 
   0.119 
  -0.010 
   0.011 
   0.050 
   0.010 
   0.048 
  -0.089 
  -0.033 
   0.046 
   0.011 
   0.020 
  -0.016 
   0.045 
  -0.043 
  -0.004 
  -0.119 
  -0.012 
   0.092 
   0.053 
   0.052 
   0.056 
   0.020 
   0.014 
   0.020 
   0.013 
   0.008 
  -0.033 
   0.005 
   0.008 
   0.187 
   0.052 
   0.116 
  -0.001 
  -0.033 
  -0.006 
  -0.057 
  -0.135 
  -0.030 
  -0.029 
  -0.029 
  -0.026 
   0.010 
   0.042 
  -0.083 
   0.029 
   0.056 
   0.139 
   0.024 
  -0.016 
  -0.086 
  -0.018 
  -0.045 
  -0.037 
  -0.009 
  -0.049 
  -0.022 
  -0.058 
  -0.042 
  -0.027 
   0.123 
   0.069 
  -0.020 
  -0.012 
   0.018 
  -0.016 
   0.051 
  -0.006 
  -0.030 
   0.088 
   0.068 
   0.057 
   0.147 
   0.019 
   0.053 
   0.041 
  -0.068 
  -0.009 
  -0.011 
  -0.036 
  -0.048 
   0.005 
  -0.030 
   0.029 
  -0.074 
  -0.024 
   0.009 
  -0.019 
  -0.075 
   0.034 
   0.094 
   0.112 
   0.190 
  -0.004 
  -0.101 
   0.016 
  -0.003 
   0.038 
  -0.004 
  -0.079 
   0.004 
   0.070 
   0.046 
  -0.001 
  -0.007 
   0.012 
  -0.003 
   0.081 
  -0.060 
  -0.059 
   0.006 
  -0.037 
   0.095 
   0.075 
   0.079 
   0.109 
  -0.009 
  -0.013 
  -0.016 
  -0.026 
   0.045 
   0.019 
   0.051 
   0.043 
   0.103 
   0.010 
   0.012 
  -0.043 
   0.062 
   0.001 
   0.016 
  -0.091 
  -0.044 
  -0.021 
  -0.030 
  -0.007 
   0.009 
  -0.014 
  -0.014 
   0.044 
   0.052 
   0.053 
   0.007 
  -0.012 
  -0.032 
   0.016 
   0.015 
  -0.002 
   0.001 
   0.001 
  -0.001 
  -0.058 
  -0.050 
  -0.067 
  -0.034 
   0.011 
  -0.031 
  -0.013 
   0.078 
   0.039 
  -0.112 
   0.019 
   0.040 
  -0.032 
  -0.080 
   0.113 
   0.021 
   0.036 
   0.006 
  -0.017 
  -0.004 
   0.047 
   0.024 
   0.035 
  -0.012 
   0.009 
   0.004 
   0.024 
   0.117 
   0.083 
   0.006 
   0.003 
  -0.025 
  -0.017 
  -0.023 
   0.043 
  -0.117 
   0.031 
   0.043 
   0.102 
   0.096 
   0.065 
   0.092 
   0.070 
   0.014 
  -0.005 
  -0.000 
   0.014 
   0.048 
   0.014 
   0.046 
  -0.024 
  -0.035 
   0.005 
   0.006 
  -0.007 
  -0.068 
  -0.023 
   0.214 
   0.035 
  -0.011 
  -0.031 
  -0.016 
   0.007 
   0.198 
  -0.030 
   0.029 
   0.046 
   0.073 
   0.079 
   0.070 
  -0.003 
  -0.002 
  -0.004 
   0.001 
  -0.005 
   0.049 
  -0.017 
   0.040 
   0.035 
   0.038 
   0.034 
   0.024 
   0.029 
   0.027 
   0.005 
  -0.043 
  -0.012 
  -0.011 
  -0.011 
  -0.035 
   0.002 
  -0.016 
  -0.045 
  -0.012 
  -0.010 
  -0.034 
  -0.013 
  -0.042 
  -0.023 
  -0.022 
  -0.011 
  -0.019 
   0.031 
   0.024 
   0.055 
  -0.025 
   0.064 
   0.077 
   0.106 
   0.123 
  -0.004 
  -0.031 
  -0.061 
  -0.058 
   0.046 
   0.015 
  -0.005 
   0.005 
   0.013 
   0.044 
   0.020 
   0.057 
  -0.039 
  -0.010 
   0.004 
  -0.024 
  -0.047 
  -0.034 
  -0.042 
   0.012 
  -0.066 
  -0.097 
  -0.079 
  -0.085 
   0.000 
   0.024 
   0.020 
   0.015 
  -0.040 
   0.006 
  -0.041 
  -0.007 
   0.014 
  -0.056 
   0.020 
   0.022 
  -0.077 
   0.200 
  -0.012 
  -0.143 
   0.056 
  -0.105 
   0.012 
  -0.062 
  -0.056 
  -0.068 
   0.020 
  -0.053 
   0.079 
   0.177 
   0.108 
   0.035 
   0.064 
   0.088 
   0.063 
   0.003 
  -0.020 
  -0.005 
   0.004 
   0.052 
  -0.036 
  -0.036 
   0.001 
   0.006 
   0.051 
   0.050 
   0.045 
   0.030 
   0.027 
  -0.006 
   0.030 
   0.001 
   0.029 
   0.019 
   0.023 
   0.058 
  -0.030 
   0.043 
   0.038 
   0.160 
   0.002 
  -0.039 
   0.025 
   0.065 
  -0.010 
  -0.020 
  -0.028 
  -0.033 
   0.027 
   0.028 
   0.033 
   0.014 
   0.009 
  -0.041 
   0.013 
   0.080 
   0.012 
   0.041 
   0.019 
   0.001 
  -0.010 
  -0.029 
   0.107 
   0.082 
   0.063 
   0.071 
   0.082 
  -0.005 
   0.021 
  -0.026 
  -0.026 
  -0.019 
  -0.002 
  -0.001 
   0.001 
   0.002 
  -0.015 
  -0.001 
  -0.014 
  -0.002 
  -0.006 
  -0.003 
   0.053 
  -0.024 
   0.028 
  -0.056 
  -0.095 
  -0.001 
  -0.013 
  -0.010 
  -0.013 
   0.031 
   0.024 
  -0.028 
   0.007 
   0.030 
   0.030 
   0.045 
   0.048 
  -0.003 
   0.009 
  -0.001 
  -0.016 
  -0.021 
  -0.008 
   0.017 
  -0.027 
   0.064 
   0.081 
   0.045 
  -0.121 
  -0.019 
  -0.016 
  -0.010 
  -0.023 
  -0.075 
   0.035 
   0.027 
  -0.035 
  -0.019 
  -0.027 
   0.058 
   0.018 
   0.053 
   0.054 
  -0.014 
  -0.020 
  -0.008 
  -0.020 
   0.077 
  -0.156 
  -0.131 
   0.045 
   0.054 
   0.036 
  -0.046 
   0.042 
   0.203 
   0.109 
   0.238 
   0.017 
   0.073 
   0.060 
   0.063 
  -0.036 
  -0.028 
  -0.028 
  -0.014 
   0.033 
   0.040 
   0.034 
   0.006 
  -0.056 
   0.104 
  -0.064 
  -0.077 
  -0.007 
  -0.153 
  -0.116 
  -0.015 
  -0.002 
   0.018 
  -0.024 
   0.013 
   0.061 
   0.006 
   0.070 
   0.045 
   0.103 
   0.229 
  -0.016 
   0.214 
   0.037 
   0.078 
   0.121 
   0.047 
  -0.001 
   0.086 
   0.041 
  -0.011 
  -0.010 
   0.193 
  -0.005 
   0.003 
   0.079 
  -0.064 
   0.032 
   0.007 
   0.036 
   0.032 
  -0.013 
  -0.003 
   0.019 
   0.035 
   0.024 
  -0.051 
  -0.022 
   0.012 
  -0.100 
  -0.102 
  -0.145 
  -0.045 
   0.004 
   0.017 
   0.060 
   0.014 
  -0.019 
  -0.022 
   0.009 
   0.015 
  -0.045 
  -0.035 
  -0.013 
   0.004 
   0.041 
   0.025 
  -0.081 
   0.041 
   0.031 
   0.028 
   0.013 
   0.033 
  -0.007 
  -0.005 
  -0.066 
  -0.095 
  -0.074 
   0.121 
  -0.053 
   0.038 
  -0.057 
  -0.041 
  -0.038 
  -0.055 
  -0.016 
  -0.015 
   0.089 
  -0.013 
   0.001 
  -0.115 
  -0.022 
   0.017 
   0.054 
   0.077 
   0.149 
   0.029 
  -0.001 
  -0.001 
  -0.000 
   0.020 
   0.011 
   0.012 
   0.038 
   0.015 
   0.008 
   0.010 
  -0.008 
  -0.033 
  -0.044 
  -0.049 
  -0.043 
   0.000 
  -0.007 
   0.019 
   0.098 
   0.059 
  -0.113 
  -0.004 
  -0.052 
  -0.046 
  -0.039 
   0.044 
  -0.013 
  -0.130 
  -0.064 
  -0.060 
   0.018 
   0.004 
   0.012 
   0.003 
   0.065 
   0.013 
   0.065 
  -0.126 
   0.049 
   0.025 
   0.026 
  -0.004 
   0.069 
  -0.012 
  -0.056 
  -0.046 
   0.031 
   0.041 
   0.032 
   0.079 
  -0.078 
   0.219 
   0.012 
  -0.073 
   0.014 
  -0.007 
   0.178 
   0.013 
   0.037 
  -0.029 
  -0.040 
  -0.037 
  -0.031 
   0.049 
   0.219 
   0.066 
  -0.014 
   0.011 
  -0.015 
  -0.010 
  -0.014 
  -0.022 
  -0.008 
  -0.007 
  -0.036 
  -0.035 
   0.012 
   0.038 
   0.023 
  -0.032 
  -0.153 
   0.006 
  -0.002 
   0.014 
   0.008 
  -0.051 
  -0.028 
  -0.016 
  -0.026 
  -0.001 
  -0.040 
  -0.020 
   0.046 
  -0.020 
  -0.034 
  -0.013 
  -0.021 
  -0.021 
  -0.033 
  -0.079 
  -0.010 
  -0.004 
   0.133 
   0.010 
   0.110 
   0.019 
   0.017 
   0.020 
   0.003 
  -0.010 
   0.082 
   0.021 
  -0.072 
   0.030 
   0.030 
   0.050 
   0.030 
  -0.119 
   0.089 
   0.018 
   0.047 
  -0.070 
   0.230 
   0.091 
   0.050 
   0.050 
   0.056 
   0.053 
   0.062 
  -0.003 
   0.065 
  -0.016 
   0.034 
   0.013 
  -0.058 
  -0.082 
   0.003 
  -0.035 
  -0.054 
  -0.056 
  -0.035 
   0.047 
  -0.046 
   0.031 
  -0.005 
   0.003 
   0.003 
  -0.011 
   0.015 
   0.014 
   0.062 
   0.104 
  -0.111 
  -0.091 
  -0.012 
   0.048 
  -0.008 
  -0.027 
   0.010 
  -0.040 
  -0.025 
  -0.038 
   0.034 
   0.022 
   0.027 
   0.031 
   0.097 
   0.128 
   0.086 
   0.045 
  -0.085 
   0.009 
  -0.080 
  -0.088 
   0.007 
  -0.014 
  -0.016 
   0.165 
   0.003 
   0.063 
   0.008 
   0.039 
  -0.016 
  -0.004 
   0.063 
   0.004 
   0.182 
   0.024 
  -0.003 
  -0.054 
  -0.141 
  -0.013 
  -0.060 
  -0.092 
  -0.077 
   0.131 
  -0.073 
  -0.069 
   0.030 
   0.046 
   0.022 
   0.022 
  -0.045 
  -0.052 
  -0.020 
   0.008 
   0.028 
   0.031 
   0.020 
   0.010 
   0.001 
   0.001 
   0.023 
  -0.127 
   0.059 
   0.082 
   0.050 
   0.017 
   0.015 
   0.058 
   0.016 
   0.031 
  -0.036 
   0.055 
   0.036 
   0.031 
   0.050 
   0.053 
  -0.024 
  -0.009 
  -0.044 
  -0.007 
   0.015 
   0.021 
   0.012 
   0.020 
  -0.048 
  -0.050 
  -0.071 
  -0.094 
  -0.029 
   0.049 
   0.085 
   0.022 
   0.048 
   0.028 
   0.020 
  -0.055 
  -0.037 
  -0.066 
  -0.096 
   0.024 
   0.023 
   0.026 
   0.021 
   0.005 
   0.186 
   0.047 
   0.130 
  -0.036 
  -0.023 
  -0.019 
  -0.005 
  -0.034 
  -0.016 
  -0.022 
  -0.067 
   0.068 
  -0.057 
   0.085 
  -0.013 
   0.024 
   0.040 
   0.005 
   0.042 
   0.029 
   0.027 
   0.031 
  -0.036 
  -0.087 
  -0.035 
  -0.060 
  -0.017 
   0.021 
  -0.013 
  -0.043 
  -0.068 
  -0.099 
  -0.003 
  -0.059 
   0.025 
   0.017 
   0.016 
   0.013 
  -0.019 
   0.024 
  -0.009 
  -0.023 
   0.003 
  -0.048 
  -0.042 
  -0.075 
   0.013 
   0.016 
   0.006 
  -0.000 
   0.032 
   0.009 
   0.090 
   0.004 
  -0.006 
   0.003 
  -0.006 
   0.009 
  -0.010 
  -0.038 
  -0.007 
  -0.051 
  -0.058 
   0.102 
  -0.057 
   0.068 
   0.008 
  -0.046 
  -0.086 
   0.012 
  -0.016 
  -0.018 
  -0.041 
  -0.087 
  -0.042 
  -0.000 
  -0.037 
  -0.021 
   0.039 
  -0.033 
   0.006 
  -0.027 
  -0.013 
  -0.028 
  -0.063 
  -0.012 
   0.016 
  -0.038 
  -0.030 
   0.056 
   0.003 
   0.035 
   0.025 
   0.025 
   0.005 
   0.031 
   0.057 
   0.016 
  -0.077 
  -0.008 
  -0.068 
  -0.008 
   0.027 
   0.050 
   0.017 
  -0.012 
   0.008 
   0.135 
   0.007 
  -0.077 
  -0.065 
   0.028 
   0.185 
   0.081 
   0.045 
  -0.023 
  -0.024 
  -0.083 
  -0.042 
  -0.129 
  -0.005 
   0.025 
   0.034 
  -0.006 
   0.027 
   0.054 
   0.058 
  -0.119 
   0.042 
  -0.002 
   0.120 
   0.006 
   0.089 
   0.049 
   0.054 
   0.033 
   0.121 
   0.143 
   0.082 
  -0.069 
  -0.068 
  -0.056 
  -0.039 
   0.036 
   0.069 
   0.075 
   0.032 
  -0.008 
   0.016 
   0.013 
   0.018 
  -0.040 
   0.193 
  -0.060 
   0.173 
  -0.068 
  -0.067 
  -0.077 
  -0.087 
  -0.010 
   0.018 
  -0.017 
   0.007 
   0.060 
   0.014 
  -0.004 
   0.064 
   0.053 
   0.004 
   0.050 
   0.058 
  -0.010 
   0.176 
  -0.009 
   0.074 
  -0.030 
   0.013 
  -0.039 
  -0.024 
  -0.042 
  -0.091 
   0.016 
  -0.057 
   0.109 
   0.111 
   0.041 
   0.161 
  -0.029 
  -0.040 
  -0.036 
  -0.038 
   0.046 
   0.152 
   0.026 
   0.049 
   0.108 
   0.136 
  -0.026 
  -0.006 
   0.024 
  -0.006 
  -0.018 
  -0.009 
  -0.030 
  -0.034 
  -0.058 
  -0.077 
  -0.006 
   0.027 
  -0.124 
   0.040 
   0.117 
   0.091 
   0.122 
   0.154 
   0.013 
   0.006 
   0.002 
   0.084 
   0.049 
  -0.017 
  -0.030 
  -0.023 
  -0.046 
   0.014 
   0.007 
   0.074 
  -0.014 
   0.052 
  -0.021 
   0.011 
   0.015 
  -0.008 
   0.013 
  -0.085 
   0.002 
   0.027 
  -0.021 
   0.029 
   0.029 
   0.026 
   0.026 
  -0.072 
  -0.092 
  -0.069 
  -0.108 
   0.048 
   0.024 
   0.017 
   0.033 
  -0.020 
  -0.016 
   0.018 
   0.025 
   0.002 
   0.052 
   0.003 
   0.029 
  -0.002 
   0.245 
  -0.083 
  -0.040 
  -0.022 
  -0.014 
  -0.000 
   0.148 
   0.029 
   0.096 
   0.091 
   0.070 
   0.044 
  -0.004 
  -0.018 
  -0.005 
  -0.022 
  -0.060 
  -0.009 
   0.040 
   0.037 
   0.021 
   0.047 
   0.022 
   0.001 
  -0.014 
  -0.002 
  -0.001 
  -0.035 
  -0.035 
   0.034 
  -0.053 
   0.034 
   0.034 
  -0.034 
  -0.032 
   0.095 
   0.089 
   0.097 
   0.062 
   0.046 
  -0.013 
   0.040 
   0.035 
   0.034 
  -0.020 
   0.034 
   0.100 
   0.063 
   0.101 
   0.076 
   0.033 
   0.085 
  -0.003 
  -0.009 
   0.063 
  -0.054 
   0.169 
   0.000 
   0.010 
  -0.001 
   0.011 
  -0.017 
   0.023 
   0.015 
  -0.034 
  -0.021 
  -0.142 
  -0.099 
  -0.021 
  -0.044 
  -0.026 
  -0.055 
  -0.064 
   0.017 
   0.066 
   0.038 
   0.038 
   0.045 
  -0.062 
   0.119 
   0.025 
   0.066 
  -0.010 
   0.089 
   0.051 
   0.060 
   0.032 
  -0.014 
   0.022 
   0.085 
   0.006 
   0.026 
   0.099 
  -0.066 
  -0.039 
  -0.061 
  -0.086 
   0.013 
   0.012 
  -0.010 
   0.042 
   0.005 
   0.007 
   0.008 
  -0.000 
  -0.025 
   0.066 
  -0.000 
  -0.025 
  -0.016 
  -0.023 
  -0.019 
   0.017 
  -0.009 
   0.008 
   0.000 
   0.026 
  -0.033 
  -0.115 
  -0.024 
  -0.069 
  -0.096 
  -0.002 
   0.045 
  -0.107 
   0.033 
   0.006 
  -0.001 
  -0.019 
   0.105 
   0.053 
   0.024 
   0.093 
   0.031 
  -0.036 
   0.005 
   0.008 
   0.142 
  -0.012 
   0.028 
   0.146 
   0.049 
  -0.019 
   0.020 
   0.019 
  -0.021 
  -0.012 
   0.022 
  -0.068 
   0.051 
  -0.127 
  -0.001 
   0.098 
  -0.028 
  -0.025 
  -0.017 
   0.144 
   0.029 
  -0.126 
   0.021 
   0.046 
   0.200 
   0.082 
  -0.009 
   0.239 
   0.063 
  -0.049 
   0.147 
  -0.095 
   0.060 
   0.044 
   0.108 
   0.032 
   0.029 
  -0.076 
   0.058 
   0.021 
  -0.141 
  -0.064 
  -0.095 
  -0.023 
  -0.007 
   0.002 
   0.025 
   0.037 
   0.021 
   0.065 
   0.011 
   0.006 
   0.064 
   0.154 
  -0.094 
   0.002 
  -0.033 
  -0.029 
  -0.047 
   0.005 
  -0.001 
   0.004 
  -0.003 
  -0.011 
  -0.020 
  -0.010 
  -0.019 
  -0.000 
  -0.009 
   0.014 
  -0.003 
  -0.011 
  -0.040 
  -0.041 
  -0.038 
   0.022 
  -0.000 
   0.005 
   0.004 
   0.083 
   0.077 
   0.027 
   0.075 
  -0.037 
  -0.035 
  -0.036 
  -0.036 
  -0.041 
   0.156 
   0.041 
   0.041 
  -0.077 
  -0.040 
  -0.038 
  -0.062 
   0.062 
   0.012 
  -0.037 
   0.057 
   0.089 
   0.000 
   0.090 
   0.001 
   0.177 
   0.026 
   0.073 
   0.049 
  -0.045 
   0.012 
   0.029 
  -0.017 
  -0.020 
  -0.023 
   0.008 
  -0.045 
   0.019 
  -0.050 
   0.016 
  -0.047 
  -0.034 
  -0.037 
  -0.015 
   0.015 
   0.037 
   0.038 
   0.055 
   0.064 
   0.030 
   0.067 
   0.056 
  -0.006 
  -0.041 
  -0.004 
  -0.003 
   0.042 
   0.007 
   0.022 
  -0.117 
  -0.005 
  -0.009 
  -0.049 
  -0.004 
   0.049 
   0.032 
   0.046 
   0.069 
  -0.093 
  -0.025 
  -0.040 
  -0.033 
  -0.040 
  -0.068 
  -0.032 
   0.088 
   0.025 
  -0.113 
  -0.041 
   0.026 
  -0.021 
  -0.056 
  -0.083 
  -0.045 
   0.021 
   0.029 
   0.020 
   0.029 
   0.096 
  -0.035 
  -0.020 
  -0.005 
   0.074 
   0.022 
   0.003 
  -0.041 
  -0.040 
  -0.043 
  -0.052 
   0.001 
  -0.015 
  -0.009 
   0.011 
  -0.068 
   0.036 
   0.028 
  -0.046 
   0.186 
  -0.002 
   0.015 
   0.114 
  -0.002 
  -0.014 
  -0.023 
  -0.001 
   0.054 
   0.023 
  -0.036 
  -0.023 
  -0.065 
   0.068 
  -0.064 
   0.178 
  -0.023 
  -0.018 
   0.064 
  -0.007 
   0.123 
  -0.097 
  -0.058 
  -0.044 
  -0.053 
  -0.020 
  -0.029 
  -0.008 
   0.005 
   0.131 
  -0.011 
  -0.011 
  -0.036 
   0.055 
   0.013 
  -0.026 
   0.159 
  -0.018 
   0.022 
   0.067 
   0.071 
   0.023 
   0.003 
   0.003 
  -0.079 
   0.004 
  -0.034 
  -0.028 
  -0.049 
   0.010 
   0.023 
   0.050 
   0.057 
  -0.036 
  -0.065 
  -0.019 
  -0.093 
   0.135 
  -0.032 
   0.032 
   0.055 
   0.061 
   0.113 
  -0.026 
  -0.020 
   0.043 
   0.088 
   0.050 
  -0.012 
   0.079 
   0.030 
   0.084 
  -0.036 
  -0.063 
  -0.038 
  -0.036 
   0.019 
  -0.007 
   0.025 
  -0.014 
  -0.105 
  -0.017 
   0.026 
  -0.012 
  -0.025 
   0.080 
   0.077 
  -0.073 
  -0.042 
   0.054 
  -0.036 
  -0.068 
  -0.054 
  -0.058 
  -0.077 
   0.021 
   0.038 
   0.048 
   0.049 
  -0.026 
   0.137 
  -0.022 
   0.066 
  -0.040 
   0.005 
  -0.004 
  -0.031 
   0.101 
   0.071 
  -0.105 
  -0.052 
  -0.008 
  -0.056 
  -0.069 
   0.038 
   0.066 
   0.100 
   0.104 
   0.072 
  -0.011 
  -0.056 
  -0.029 
  -0.009 
   0.163 
   0.088 
   0.061 
   0.035 
  -0.051 
  -0.049 
  -0.045 
  -0.050 
  -0.077 
   0.003 
   0.012 
   0.007 
   0.004 
  -0.036 
   0.000 
  -0.015 
  -0.036 
   0.020 
   0.072 
  -0.047 
  -0.009 
   0.047 
  -0.007 
  -0.011 
   0.007 
   0.116 
   0.011 
   0.051 
   0.011 
   0.191 
   0.007 
   0.027 
  -0.010 
  -0.039 
  -0.104 
  -0.055 
  -0.037 
  -0.043 
  -0.058 
  -0.034 
   0.140 
  -0.015 
  -0.001 
  -0.047 
